1,2
1,3
1,4
1,5
1,6
1,7
1,9
1,10
1,11
1,12
1,13
1,14
1,15
1,16
1,17
1,18
1,19
1,20
1,21
1,22
1,23
1,24
1,26
1,27
1,29
1,31
1,33
1,35
1,36
1,37
1,42
1,43
1,44
1,46
1,47
1,48
1,49
1,50
1,51
1,53
1,56
1,58
1,60
1,63
1,64
1,65
1,66
1,67
1,69
1,70
1,75
1,76
1,78
1,80
1,84
1,86
1,98
1,100
1,116
1,122
1,123
1,124
1,125
1,126
1,127
1,128
1,129
1,157
1,160
1,168
1,175
1,179
1,181
1,191
1,192
1,194
1,216
1,255
1,278
1,301
1,315
1,320
1,338
1,345
1,346
1,347
1,350
1,352
1,364
1,530
1,609
1,723
1,1033
1,1199
1,2793
2,1
2,2
2,3
2,4
2,5
2,6
2,7
2,9
2,10
2,11
2,12
2,13
2,14
2,15
2,16
2,17
2,18
2,19
2,21
2,22
2,23
2,24
2,27
2,29
2,31
2,33
2,34
2,35
2,36
2,37
2,38
2,41
2,42
2,44
2,45
2,46
2,47
2,48
2,49
2,50
2,51
2,53
2,54
2,55
2,56
2,58
2,60
2,62
2,63
2,64
2,65
2,66
2,67
2,69
2,70
2,71
2,74
2,75
2,76
2,78
2,79
2,80
2,81
2,82
2,83
2,84
2,86
2,90
2,92
2,97
2,98
2,100
2,101
2,102
2,109
2,116
2,119
2,122
2,123
2,126
2,128
2,129
2,130
2,136
2,156
2,179
2,192
2,216
2,228
2,247
2,250
2,255
2,320
2,345
2,346
2,347
2,350
2,352
2,359
2,360
2,367
2,368
2,371
2,386
2,392
2,427
2,429
2,457
2,460
2,478
2,484
2,520
2,533
2,641
2,766
2,796
2,798
2,859
2,889
2,1021
2,1033
2,1217
3,1
3,2
3,5
3,6
3,7
3,8
3,9
3,10
3,12
3,13
3,14
3,15
3,17
3,18
3,19
3,20
3,21
3,23
3,26
3,27
3,31
3,33
3,34
3,35
3,36
3,37
3,42
3,44
3,47
3,48
3,49
3,50
3,51
3,53
3,60
3,64
3,65
3,67
3,69
3,70
3,75
3,80
3,88
3,92
3,97
3,98
3,100
3,101
3,102
3,104
3,109
3,129
3,160
3,161
3,166
3,198
3,216
3,301
3,333
3,347
3,350
3,374
3,384
3,520
4,1
4,2
4,4
4,6
4,7
4,9
4,12
4,13
4,14
4,15
4,17
4,18
4,19
4,21
4,23
4,27
4,29
4,31
4,33
4,35
4,36
4,37
4,38
4,41
4,42
4,44
4,46
4,47
4,48
4,49
4,50
4,51
4,53
4,54
4,56
4,58
4,60
4,62
4,63
4,64
4,65
4,67
4,70
4,76
4,80
4,81
4,83
4,86
4,98
4,101
4,109
4,117
4,250
4,251
4,252
4,301
4,316
4,319
4,320
4,331
4,345
4,346
4,347
4,349
4,350
4,356
4,358
4,359
4,360
4,361
4,368
4,375
4,379
4,384
4,385
4,386
4,387
4,388
4,392
4,396
4,401
4,404
4,406
4,412
4,413
4,415
4,416
4,417
4,418
4,420
4,421
4,427
4,431
4,437
4,439
4,440
4,444
4,449
4,450
4,451
4,455
4,457
4,459
4,460
4,462
4,464
4,472
4,475
4,479
4,481
4,483
4,484
4,486
4,487
4,488
4,491
4,495
4,497
4,499
4,502
4,506
4,508
4,509
4,511
4,513
4,514
4,515
4,516
4,517
4,519
4,530
4,544
4,549
4,550
4,580
4,588
4,606
4,641
4,649
4,668
4,681
4,694
4,704
4,717
4,719
4,720
4,721
4,734
4,770
4,790
4,898
4,899
4,934
4,1021
4,1033
4,1071
4,1096
4,1188
4,1192
4,1217
4,1231
4,1313
4,1348
4,1454
4,1500
4,1968
4,2442
4,2502
5,1
5,2
5,3
5,6
5,8
5,9
5,12
5,13
5,14
5,17
5,18
5,21
5,23
5,29
5,31
5,33
5,35
5,36
5,37
5,42
5,44
5,46
5,47
5,48
5,49
5,50
5,51
5,53
5,58
5,60
5,64
5,65
5,67
5,69
5,70
5,76
5,86
5,96
5,98
5,104
5,105
5,106
5,107
5,122
5,123
5,124
5,133
5,141
5,157
5,169
5,175
5,201
5,217
5,347
5,748
5,854
5,855
5,1033
5,1085
5,1183
5,1189
5,1199
5,1527
5,2329
6,1
6,2
6,3
6,4
6,5
6,6
6,7
6,8
6,9
6,10
6,12
6,13
6,14
6,15
6,16
6,17
6,18
6,19
6,21
6,22
6,23
6,24
6,26
6,27
6,29
6,31
6,32
6,33
6,34
6,35
6,36
6,37
6,41
6,42
6,44
6,46
6,47
6,48
6,49
6,50
6,51
6,53
6,55
6,56
6,58
6,60
6,62
6,63
6,64
6,65
6,67
6,69
6,70
6,72
6,74
6,75
6,76
6,78
6,79
6,84
6,86
6,87
6,88
6,90
6,92
6,93
6,94
6,98
6,100
6,102
6,103
6,104
6,105
6,106
6,107
6,109
6,111
6,114
6,115
6,116
6,117
6,118
6,122
6,123
6,124
6,125
6,126
6,128
6,133
6,134
6,135
6,138
6,139
6,141
6,143
6,146
6,148
6,150
6,151
6,155
6,156
6,157
6,158
6,160
6,161
6,162
6,163
6,165
6,166
6,167
6,168
6,169
6,178
6,181
6,182
6,184
6,185
6,187
6,200
6,201
6,203
6,204
6,205
6,216
6,217
6,233
6,249
6,301
6,320
6,346
6,347
6,350
6,352
6,371
6,376
6,392
6,408
6,409
6,410
6,427
6,435
6,471
6,478
6,544
6,572
6,811
6,824
6,832
6,836
6,837
6,848
6,853
6,855
6,881
6,1033
6,1099
6,1188
6,1199
6,1523
6,1524
6,1525
6,1527
6,1530
6,1627
6,1707
7,1
7,2
7,3
7,4
7,6
7,9
7,12
7,13
7,14
7,15
7,18
7,19
7,21
7,23
7,29
7,31
7,34
7,35
7,36
7,37
7,44
7,47
7,48
7,49
7,50
7,51
7,53
7,58
7,60
7,62
7,63
7,64
7,65
7,67
7,69
7,70
7,78
7,92
7,96
7,97
7,98
7,99
7,100
7,101
7,104
7,130
7,160
7,175
7,237
7,345
7,347
7,350
7,378
7,417
7,819
7,1033
7,1184
8,3
8,5
8,6
8,9
8,13
8,18
8,21
8,31
8,39
8,44
8,47
8,48
8,49
8,50
8,51
8,58
8,64
8,69
8,70
8,92
8,125
8,139
8,141
8,155
8,163
8,168
8,169
8,347
8,380
8,410
8,753
8,835
8,1033
8,1184
8,1199
8,2266
9,1
9,2
9,4
9,5
9,6
9,7
9,8
9,9
9,10
9,11
9,12
9,13
9,14
9,15
9,16
9,17
9,18
9,19
9,21
9,22
9,23
9,24
9,26
9,27
9,29
9,31
9,33
9,34
9,35
9,36
9,37
9,38
9,39
9,41
9,42
9,43
9,44
9,46
9,47
9,48
9,49
9,50
9,51
9,53
9,55
9,56
9,58
9,60
9,62
9,63
9,64
9,65
9,66
9,67
9,69
9,70
9,72
9,75
9,76
9,77
9,78
9,79
9,80
9,83
9,84
9,85
9,86
9,87
9,88
9,90
9,92
9,98
9,100
9,102
9,103
9,104
9,105
9,106
9,107
9,109
9,111
9,114
9,115
9,116
9,117
9,118
9,119
9,121
9,123
9,124
9,125
9,126
9,127
9,128
9,135
9,136
9,137
9,139
9,141
9,143
9,146
9,148
9,149
9,151
9,155
9,156
9,157
9,160
9,162
9,163
9,165
9,166
9,167
9,168
9,169
9,175
9,179
9,180
9,181
9,182
9,185
9,192
9,201
9,205
9,207
9,216
9,251
9,275
9,311
9,320
9,338
9,346
9,347
9,350
9,355
9,359
9,360
9,361
9,363
9,365
9,367
9,368
9,370
9,371
9,374
9,375
9,376
9,378
9,381
9,384
9,385
9,387
9,388
9,392
9,395
9,402
9,408
9,410
9,411
9,413
9,420
9,421
9,425
9,427
9,428
9,429
9,433
9,435
9,437
9,442
9,449
9,451
9,465
9,472
9,477
9,499
9,523
9,530
9,533
9,564
9,573
9,576
9,578
9,588
9,601
9,688
9,798
9,825
9,833
9,1033
9,1068
9,1183
9,1188
9,1217
9,1239
9,1604
9,1627
9,1691
9,1856
9,1944
10,1
10,2
10,3
10,5
10,6
10,7
10,9
10,12
10,14
10,15
10,21
10,23
10,29
10,31
10,36
10,37
10,39
10,44
10,47
10,49
10,50
10,51
10,53
10,55
10,56
10,58
10,62
10,63
10,64
10,67
10,70
10,72
10,76
10,77
10,98
10,179
10,255
10,316
10,530
11,1
11,4
11,9
11,12
11,14
11,17
11,18
11,23
11,29
11,31
11,33
11,36
11,37
11,44
11,47
11,49
11,50
11,51
11,53
11,58
11,60
11,63
11,67
11,70
11,72
11,79
11,81
11,98
11,129
11,255
11,345
11,386
11,484
11,820
11,1618
12,1
12,2
12,3
12,4
12,5
12,6
12,7
12,9
12,10
12,11
12,13
12,14
12,15
12,16
12,17
12,18
12,19
12,21
12,22
12,23
12,24
12,27
12,29
12,31
12,33
12,34
12,35
12,36
12,37
12,38
12,40
12,41
12,42
12,43
12,44
12,46
12,47
12,48
12,49
12,50
12,51
12,53
12,55
12,56
12,58
12,59
12,60
12,62
12,63
12,64
12,65
12,67
12,69
12,70
12,72
12,75
12,76
12,77
12,79
12,80
12,84
12,86
12,88
12,92
12,97
12,98
12,103
12,104
12,109
12,116
12,119
12,123
12,124
12,126
12,127
12,128
12,129
12,141
12,155
12,160
12,161
12,166
12,175
12,179
12,180
12,181
12,191
12,192
12,193
12,194
12,216
12,228
12,246
12,251
12,272
12,275
12,301
12,309
12,315
12,320
12,345
12,346
12,347
12,350
12,351
12,352
12,359
12,360
12,363
12,365
12,367
12,373
12,375
12,379
12,381
12,384
12,385
12,386
12,388
12,396
12,398
12,406
12,420
12,427
12,429
12,460
12,477
12,491
12,516
12,517
12,530
12,536
12,549
12,576
12,601
12,602
12,638
12,790
12,817
12,818
12,863
12,1021
12,1033
12,1096
12,1291
12,1313
12,2273
13,1
13,2
13,3
13,4
13,5
13,6
13,7
13,8
13,9
13,12
13,14
13,15
13,18
13,19
13,21
13,23
13,26
13,27
13,29
13,31
13,33
13,34
13,35
13,36
13,37
13,42
13,44
13,47
13,48
13,49
13,50
13,51
13,53
13,58
13,60
13,63
13,64
13,65
13,69
13,70
13,75
13,76
13,78
13,88
13,90
13,92
13,96
13,97
13,98
13,100
13,102
13,104
13,109
13,111
13,114
13,115
13,117
13,126
13,128
13,132
13,133
13,135
13,137
13,140
13,141
13,142
13,144
13,145
13,146
13,148
13,149
13,151
13,154
13,160
13,161
13,162
13,163
13,164
13,166
13,167
13,168
13,169
13,171
13,196
13,197
13,202
13,207
13,229
13,248
13,280
13,291
13,297
13,347
13,350
13,363
13,368
13,369
13,370
13,371
13,372
13,374
13,378
13,388
13,391
13,408
13,435
13,460
13,558
13,559
13,1007
13,1021
13,1033
13,1285
13,1286
13,1299
13,1467
13,1610
13,2371
14,1
14,2
14,3
14,4
14,5
14,6
14,7
14,9
14,10
14,11
14,12
14,13
14,15
14,16
14,17
14,18
14,19
14,21
14,22
14,23
14,24
14,27
14,29
14,31
14,32
14,33
14,35
14,36
14,37
14,39
14,42
14,43
14,44
14,46
14,47
14,48
14,49
14,50
14,51
14,53
14,55
14,58
14,60
14,63
14,64
14,65
14,67
14,70
14,72
14,75
14,76
14,79
14,80
14,84
14,85
14,90
14,97
14,98
14,102
14,103
14,104
14,114
14,115
14,116
14,119
14,128
14,179
14,181
14,192
14,194
14,216
14,246
14,255
14,278
14,320
14,347
14,350
14,384
14,530
14,775
14,818
14,820
14,860
14,1021
14,1033
14,1097
14,1270
14,1271
14,1273
14,1281
14,1282
14,1283
14,1293
14,1296
14,1297
14,1301
14,1309
14,1419
14,1529
14,1924
15,1
15,2
15,3
15,4
15,5
15,6
15,7
15,9
15,10
15,11
15,12
15,13
15,14
15,18
15,21
15,23
15,24
15,29
15,31
15,32
15,33
15,35
15,36
15,37
15,38
15,41
15,42
15,44
15,47
15,49
15,50
15,51
15,53
15,56
15,58
15,60
15,62
15,63
15,64
15,66
15,67
15,70
15,72
15,74
15,98
15,100
15,125
15,126
15,136
15,155
15,169
15,181
15,246
15,255
15,347
15,352
15,549
15,798
15,859
15,1033
15,1423
16,1
16,2
16,5
16,6
16,9
16,12
16,14
16,23
16,29
16,31
16,33
16,36
16,37
16,39
16,44
16,46
16,47
16,50
16,51
16,53
16,63
16,67
16,70
16,98
16,116
16,126
16,128
16,181
16,191
16,216
16,255
16,347
16,563
16,1033
17,1
17,2
17,3
17,4
17,5
17,6
17,9
17,11
17,12
17,14
17,18
17,21
17,23
17,29
17,31
17,33
17,36
17,37
17,38
17,42
17,44
17,47
17,48
17,49
17,50
17,51
17,53
17,55
17,58
17,60
17,63
17,70
17,75
17,98
17,247
17,250
17,255
17,320
17,359
17,392
17,1096
18,1
18,2
18,3
18,4
18,5
18,6
18,7
18,8
18,9
18,10
18,11
18,12
18,13
18,14
18,15
18,17
18,21
18,22
18,23
18,24
18,26
18,29
18,31
18,33
18,34
18,35
18,36
18,37
18,38
18,42
18,44
18,47
18,48
18,49
18,50
18,51
18,53
18,55
18,58
18,60
18,62
18,63
18,64
18,65
18,66
18,67
18,69
18,70
18,75
18,76
18,77
18,78
18,80
18,84
18,85
18,86
18,90
18,92
18,96
18,97
18,98
18,100
18,101
18,102
18,104
18,109
18,111
18,114
18,115
18,116
18,117
18,124
18,128
18,133
18,135
18,137
18,139
18,141
18,146
18,154
18,160
18,161
18,165
18,166
18,168
18,175
18,216
18,224
18,275
18,301
18,316
18,320
18,338
18,347
18,364
18,368
18,374
18,398
18,434
18,572
18,602
18,798
18,799
18,800
18,1096
18,1103
18,1628
18,1897
19,1
19,2
19,3
19,4
19,6
19,7
19,9
19,12
19,13
19,14
19,17
19,21
19,26
19,27
19,29
19,31
19,36
19,37
19,44
19,48
19,49
19,50
19,51
19,58
19,63
19,64
19,65
19,69
19,70
19,78
19,86
19,88
19,92
19,95
19,97
19,98
19,100
19,104
19,109
19,117
19,131
19,135
19,137
19,139
19,142
19,144
19,151
19,157
19,160
19,161
19,162
19,163
19,164
19,167
19,168
19,171
19,196
19,197
19,199
19,207
19,209
19,210
19,224
19,227
19,253
19,254
19,279
19,285
19,291
19,301
19,346
19,347
19,350
19,359
19,368
19,370
19,371
19,374
19,376
19,378
19,385
19,388
19,391
19,405
19,416
19,420
19,425
19,427
19,435
19,447
19,461
19,463
19,472
19,478
19,523
19,564
19,1068
19,1239
19,1856
19,1944
20,1
20,3
20,23
20,29
20,31
20,34
20,37
20,44
20,50
20,51
20,53
20,56
20,58
20,70
21,1
21,2
21,3
21,4
21,5
21,6
21,7
21,8
21,9
21,10
21,12
21,13
21,14
21,15
21,17
21,18
21,19
21,23
21,27
21,29
21,31
21,33
21,34
21,35
21,36
21,37
21,42
21,44
21,46
21,47
21,48
21,49
21,50
21,51
21,53
21,58
21,59
21,60
21,62
21,63
21,64
21,65
21,67
21,69
21,70
21,76
21,78
21,85
21,87
21,88
21,90
21,92
21,97
21,98
21,100
21,102
21,104
21,109
21,111
21,114
21,115
21,121
21,126
21,131
21,137
21,139
21,141
21,156
21,157
21,161
21,165
21,168
21,178
21,179
21,237
21,301
21,310
21,311
21,320
21,347
21,350
21,360
21,363
21,378
21,435
21,530
21,797
21,798
21,799
21,801
21,802
21,803
21,807
21,808
21,814
21,986
21,1033
21,1195
21,1199
21,1627
21,2290
22,1
22,2
22,6
22,9
22,12
22,14
22,16
22,18
22,21
22,29
22,31
22,33
22,36
22,37
22,44
22,47
22,50
22,51
22,63
22,66
22,67
22,70
22,84
22,98
22,116
22,127
22,128
22,191
22,255
22,364
22,602
22,1033
22,1097
23,1
23,2
23,3
23,4
23,5
23,6
23,7
23,9
23,11
23,12
23,13
23,14
23,15
23,16
23,17
23,18
23,19
23,20
23,21
23,24
23,29
23,31
23,33
23,34
23,35
23,36
23,37
23,38
23,41
23,42
23,44
23,46
23,47
23,48
23,49
23,50
23,51
23,53
23,54
23,55
23,56
23,58
23,60
23,62
23,63
23,64
23,65
23,67
23,69
23,70
23,74
23,75
23,78
23,80
23,81
23,83
23,92
23,97
23,98
23,100
23,109
23,114
23,119
23,122
23,123
23,128
23,129
23,216
23,228
23,244
23,247
23,250
23,255
23,345
23,347
23,352
23,386
23,387
23,1033
24,1
24,2
24,6
24,9
24,12
24,14
24,18
24,23
24,29
24,31
24,38
24,39
24,44
24,47
24,49
24,50
24,51
24,58
24,60
24,67
24,70
24,82
24,98
24,110
24,163
24,170
24,255
24,320
24,1033
25,27
25,224
25,338
25,2301
26,1
26,3
26,6
26,8
26,9
26,13
26,18
26,19
26,26
26,27
26,31
26,44
26,46
26,48
26,49
26,50
26,51
26,58
26,60
26,63
26,64
26,65
26,69
26,70
26,92
26,98
26,104
26,109
26,110
26,117
26,126
26,133
26,135
26,137
26,141
26,142
26,144
26,148
26,149
26,151
26,160
26,161
26,163
26,164
26,166
26,167
26,168
26,189
26,195
26,196
26,198
26,207
26,221
26,223
26,224
26,227
26,285
26,338
26,359
26,374
26,376
26,435
26,564
26,662
26,1033
26,1199
26,1944
26,2330
27,1
27,2
27,3
27,4
27,6
27,9
27,12
27,13
27,14
27,19
27,21
27,25
27,26
27,28
27,29
27,31
27,35
27,36
27,38
27,44
27,46
27,47
27,48
27,49
27,50
27,51
27,58
27,63
27,64
27,65
27,69
27,70
27,86
27,88
27,92
27,98
27,104
27,109
27,114
27,117
27,126
27,133
27,135
27,137
27,138
27,142
27,144
27,148
27,149
27,150
27,151
27,154
27,158
27,160
27,161
27,162
27,163
27,164
27,166
27,167
27,168
27,169
27,187
27,188
27,196
27,202
27,207
27,222
27,223
27,225
27,227
27,235
27,236
27,240
27,241
27,263
27,264
27,267
27,283
27,338
27,347
27,348
27,355
27,371
27,376
27,388
27,392
27,408
27,427
27,435
27,446
27,463
27,472
27,536
27,554
27,1199
27,1856
27,1944
27,2301
27,2509
28,27
28,142
28,148
28,223
28,225
28,338
29,1
29,2
29,4
29,5
29,6
29,7
29,9
29,10
29,11
29,12
29,13
29,14
29,15
29,16
29,17
29,18
29,19
29,20
29,21
29,22
29,23
29,24
29,27
29,30
29,31
29,32
29,33
29,34
29,35
29,36
29,37
29,38
29,39
29,40
29,41
29,42
29,43
29,44
29,46
29,47
29,48
29,49
29,50
29,51
29,52
29,53
29,54
29,55
29,56
29,57
29,58
29,59
29,60
29,62
29,63
29,64
29,65
29,66
29,67
29,68
29,69
29,70
29,72
29,73
29,74
29,75
29,76
29,77
29,79
29,80
29,81
29,82
29,83
29,84
29,86
29,88
29,90
29,98
29,101
29,102
29,103
29,104
29,115
29,116
29,119
29,123
29,126
29,128
29,130
29,165
29,175
29,179
29,192
29,194
29,216
29,228
29,237
29,247
29,249
29,251
29,252
29,255
29,316
29,328
29,329
29,343
29,345
29,347
29,350
29,352
29,359
29,360
29,363
29,368
29,379
29,384
29,386
29,387
29,396
29,406
29,412
29,420
29,460
29,486
29,491
29,517
29,530
29,549
29,588
29,818
29,1005
29,1021
29,1033
29,1035
29,1082
29,1094
29,1128
29,1217
29,1512
29,1627
29,2273
29,2278
30,29
30,31
30,255
30,602
30,1096
31,1
31,2
31,3
31,4
31,5
31,6
31,7
31,8
31,9
31,10
31,11
31,12
31,13
31,14
31,15
31,16
31,17
31,18
31,19
31,20
31,21
31,22
31,23
31,24
31,26
31,27
31,29
31,30
31,31
31,32
31,33
31,34
31,35
31,36
31,37
31,38
31,39
31,40
31,41
31,42
31,43
31,44
31,45
31,46
31,47
31,48
31,49
31,50
31,51
31,52
31,53
31,54
31,55
31,56
31,58
31,59
31,60
31,61
31,62
31,63
31,64
31,65
31,66
31,67
31,68
31,69
31,70
31,71
31,72
31,74
31,75
31,76
31,77
31,78
31,79
31,80
31,81
31,82
31,83
31,84
31,86
31,87
31,88
31,90
31,92
31,95
31,97
31,98
31,99
31,100
31,101
31,102
31,103
31,104
31,106
31,109
31,111
31,114
31,115
31,116
31,117
31,119
31,121
31,122
31,123
31,125
31,126
31,128
31,129
31,130
31,136
31,137
31,141
31,151
31,156
31,160
31,161
31,162
31,163
31,166
31,167
31,168
31,169
31,174
31,175
31,179
31,180
31,181
31,192
31,216
31,228
31,237
31,243
31,244
31,247
31,249
31,250
31,251
31,252
31,255
31,275
31,301
31,345
31,346
31,347
31,350
31,352
31,359
31,360
31,361
31,363
31,365
31,367
31,368
31,373
31,374
31,375
31,376
31,379
31,380
31,381
31,384
31,385
31,386
31,387
31,396
31,398
31,406
31,412
31,413
31,416
31,420
31,421
31,427
31,428
31,429
31,435
31,437
31,442
31,444
31,449
31,451
31,457
31,459
31,460
31,483
31,486
31,497
31,499
31,514
31,517
31,532
31,576
31,582
31,601
31,602
31,740
31,796
31,798
31,818
31,820
31,825
31,861
31,1033
31,1092
31,1093
31,1094
31,1096
31,1112
31,1184
31,1188
31,1192
31,1217
31,1231
31,1408
31,1552
31,1627
31,1944
32,6
32,15
32,29
32,31
32,44
32,50
32,51
32,56
32,58
33,1
33,2
33,3
33,4
33,5
33,6
33,9
33,11
33,12
33,13
33,14
33,15
33,16
33,17
33,18
33,21
33,22
33,23
33,29
33,31
33,33
33,35
33,36
33,37
33,42
33,44
33,47
33,49
33,50
33,51
33,53
33,55
33,58
33,60
33,64
33,70
33,75
33,80
33,83
33,98
33,116
33,123
33,128
33,216
33,275
33,301
33,319
33,346
33,347
33,350
33,368
33,384
33,472
33,980
33,1033
34,2
34,3
34,6
34,7
34,9
34,10
34,12
34,13
34,18
34,21
34,23
34,29
34,31
34,35
34,37
34,41
34,44
34,47
34,48
34,49
34,50
34,51
34,53
34,58
34,62
34,64
34,67
34,70
34,74
34,83
34,97
34,179
34,316
34,819
34,997
34,1033
34,1184
35,1
35,2
35,3
35,4
35,5
35,6
35,7
35,9
35,12
35,13
35,14
35,15
35,18
35,19
35,21
35,23
35,24
35,27
35,29
35,31
35,33
35,34
35,37
35,39
35,42
35,44
35,46
35,47
35,48
35,49
35,50
35,51
35,53
35,58
35,60
35,62
35,63
35,64
35,65
35,67
35,69
35,70
35,71
35,75
35,78
35,82
35,86
35,97
35,98
35,100
35,101
35,104
35,117
35,126
35,128
35,129
35,160
35,161
35,175
35,178
35,179
35,216
35,232
35,347
35,419
35,790
35,820
35,1033
35,1259
36,1
36,2
36,3
36,4
36,5
36,6
36,7
36,9
36,10
36,11
36,12
36,13
36,14
36,15
36,16
36,17
36,18
36,19
36,21
36,22
36,23
36,27
36,29
36,31
36,33
36,37
36,41
36,42
36,44
36,46
36,47
36,48
36,49
36,50
36,51
36,53
36,55
36,56
36,58
36,60
36,62
36,63
36,64
36,65
36,67
36,69
36,70
36,72
36,76
36,79
36,80
36,84
36,86
36,92
36,97
36,98
36,102
36,103
36,104
36,109
36,116
36,119
36,123
36,127
36,128
36,129
36,148
36,154
36,160
36,166
36,179
36,180
36,181
36,192
36,224
36,228
36,252
36,255
36,305
36,309
36,345
36,346
36,347
36,350
36,359
36,360
36,365
36,367
36,368
36,384
36,385
36,388
36,396
36,406
36,408
36,416
36,420
36,421
36,427
36,429
36,437
36,441
36,478
36,486
36,516
36,530
36,532
36,533
36,576
36,602
36,785
36,812
36,978
36,979
36,982
36,994
36,1033
36,1123
36,1960
36,2140
36,2250
36,2256
36,2271
36,2338
36,2568
37,1
37,2
37,3
37,4
37,5
37,6
37,7
37,9
37,10
37,11
37,12
37,13
37,14
37,15
37,16
37,17
37,18
37,19
37,20
37,21
37,22
37,23
37,29
37,31
37,33
37,34
37,35
37,36
37,42
37,44
37,46
37,47
37,48
37,49
37,50
37,51
37,53
37,55
37,58
37,60
37,62
37,63
37,64
37,65
37,66
37,67
37,69
37,70
37,72
37,75
37,76
37,78
37,80
37,86
37,90
37,92
37,96
37,97
37,98
37,100
37,101
37,102
37,104
37,109
37,114
37,116
37,124
37,128
37,129
37,161
37,181
37,216
37,244
37,301
37,305
37,309
37,347
37,350
37,360
37,386
37,388
37,396
37,401
37,429
37,478
37,514
37,530
37,536
37,547
37,738
37,797
37,812
37,1033
37,2273
38,2
38,4
38,9
38,11
38,12
38,14
38,15
38,18
38,23
38,29
38,31
38,41
38,44
38,47
38,49
38,50
38,51
38,58
38,60
38,62
38,67
38,70
38,72
38,76
38,79
38,82
38,98
38,161
38,166
38,247
38,255
38,1033
38,1096
38,1313
39,9
39,29
39,31
39,44
39,47
39,66
39,70
39,83
39,1033
40,12
40,24
40,29
40,31
40,44
40,50
40,67
40,83
40,98
40,116
41,2
41,4
41,6
41,9
41,10
41,12
41,15
41,23
41,29
41,31
41,36
41,37
41,38
41,44
41,47
41,50
41,51
41,53
41,58
41,63
41,67
41,70
41,79
41,81
41,98
41,109
41,157
41,179
41,180
41,255
41,345
41,347
41,359
41,442
41,520
41,1096
41,1546
41,2279
42,1
42,2
42,3
42,4
42,5
42,6
42,7
42,9
42,12
42,13
42,14
42,15
42,17
42,21
42,23
42,29
42,31
42,33
42,35
42,36
42,37
42,44
42,47
42,48
42,49
42,50
42,51
42,53
42,58
42,63
42,64
42,67
42,70
42,85
42,98
42,123
42,246
42,255
42,347
42,350
42,419
42,1097
42,1268
42,2267
43,1
43,9
43,12
43,14
43,29
43,31
43,37
43,44
43,47
43,50
43,58
43,90
43,98
44,1
44,2
44,3
44,4
44,5
44,6
44,7
44,8
44,9
44,10
44,11
44,12
44,13
44,14
44,15
44,16
44,17
44,18
44,19
44,20
44,21
44,22
44,23
44,24
44,26
44,27
44,29
44,31
44,32
44,33
44,34
44,35
44,36
44,37
44,38
44,39
44,40
44,41
44,42
44,43
44,45
44,46
44,47
44,48
44,49
44,50
44,51
44,53
44,55
44,56
44,57
44,58
44,59
44,60
44,62
44,63
44,64
44,65
44,66
44,67
44,69
44,70
44,71
44,72
44,74
44,75
44,76
44,77
44,78
44,79
44,81
44,82
44,83
44,84
44,85
44,86
44,88
44,90
44,92
44,96
44,97
44,98
44,100
44,101
44,102
44,103
44,104
44,106
44,107
44,109
44,114
44,115
44,116
44,117
44,118
44,119
44,121
44,122
44,123
44,124
44,125
44,126
44,127
44,128
44,129
44,130
44,136
44,139
44,141
44,146
44,151
44,156
44,157
44,165
44,168
44,175
44,179
44,180
44,181
44,192
44,194
44,216
44,224
44,228
44,244
44,246
44,249
44,255
44,272
44,274
44,275
44,338
44,345
44,346
44,347
44,350
44,351
44,352
44,359
44,368
44,374
44,385
44,411
44,427
44,530
44,576
44,602
44,796
44,817
44,820
44,1250
44,1627
45,2
45,29
45,31
45,44
45,51
45,62
45,71
45,386
45,484
45,641
45,1543
45,2284
46,1
46,2
46,4
46,5
46,6
46,9
46,12
46,14
46,16
46,21
46,23
46,24
46,27
46,29
46,31
46,37
46,44
46,46
46,47
46,49
46,50
46,51
46,53
46,58
46,65
46,66
46,67
46,70
46,80
46,90
46,98
46,114
46,119
46,122
46,233
46,237
46,275
46,338
46,347
46,364
46,419
46,428
47,1
47,2
47,3
47,4
47,5
47,6
47,7
47,8
47,9
47,10
47,11
47,12
47,13
47,14
47,15
47,16
47,17
47,18
47,21
47,22
47,23
47,24
47,27
47,29
47,31
47,33
47,34
47,35
47,36
47,38
47,39
47,41
47,42
47,43
47,44
47,46
47,48
47,49
47,50
47,51
47,53
47,55
47,56
47,58
47,59
47,60
47,62
47,63
47,64
47,65
47,66
47,67
47,69
47,70
47,72
47,75
47,79
47,83
47,92
47,98
47,101
47,103
47,116
47,123
47,127
47,128
47,141
47,181
47,216
47,345
47,346
47,347
47,396
47,790
47,2273
47,2278
48,1
48,2
48,3
48,4
48,5
48,6
48,7
48,8
48,9
48,12
48,13
48,14
48,17
48,18
48,19
48,21
48,23
48,26
48,27
48,29
48,31
48,34
48,35
48,36
48,37
48,42
48,44
48,47
48,49
48,50
48,51
48,53
48,58
48,60
48,63
48,64
48,65
48,67
48,69
48,70
48,78
48,86
48,88
48,89
48,90
48,91
48,92
48,93
48,94
48,97
48,98
48,100
48,102
48,104
48,109
48,110
48,111
48,114
48,115
48,117
48,126
48,132
48,133
48,134
48,135
48,137
48,138
48,139
48,140
48,141
48,142
48,143
48,144
48,145
48,146
48,147
48,148
48,149
48,150
48,151
48,153
48,155
48,156
48,157
48,158
48,159
48,160
48,161
48,162
48,163
48,164
48,165
48,166
48,167
48,168
48,169
48,172
48,190
48,196
48,209
48,223
48,255
48,283
48,293
48,301
48,306
48,341
48,347
48,350
48,359
48,368
48,369
48,370
48,371
48,378
48,388
48,391
48,408
48,410
48,420
48,435
48,753
48,788
48,820
48,831
48,835
48,862
48,983
48,984
48,992
48,1007
48,1033
48,1089
48,1090
48,1199
48,1217
48,1272
48,1276
48,1280
48,1287
48,1295
48,1302
48,1369
48,1627
48,1912
48,2248
48,2249
48,2287
49,1
49,2
49,3
49,4
49,5
49,6
49,7
49,8
49,9
49,10
49,11
49,12
49,13
49,14
49,15
49,17
49,18
49,19
49,21
49,23
49,24
49,26
49,27
49,29
49,31
49,33
49,34
49,35
49,36
49,37
49,38
49,42
49,44
49,46
49,47
49,48
49,49
49,50
49,51
49,53
49,55
49,56
49,58
49,60
49,62
49,63
49,64
49,65
49,66
49,67
49,69
49,70
49,74
49,75
49,76
49,78
49,80
49,83
49,85
49,86
49,87
49,88
49,90
49,92
49,95
49,97
49,98
49,100
49,101
49,102
49,104
49,109
49,110
49,111
49,112
49,113
49,114
49,115
49,117
49,123
49,126
49,128
49,131
49,136
49,137
49,139
49,141
49,144
49,148
49,151
49,154
49,160
49,161
49,162
49,163
49,164
49,165
49,166
49,167
49,168
49,169
49,175
49,207
49,248
49,297
49,301
49,303
49,319
49,343
49,345
49,346
49,347
49,350
49,352
49,359
49,360
49,361
49,363
49,368
49,370
49,371
49,374
49,376
49,378
49,385
49,391
49,412
49,413
49,416
49,419
49,428
49,429
49,435
49,437
49,444
49,449
49,451
49,459
49,460
49,483
49,497
49,499
49,530
49,614
49,674
49,678
49,727
49,759
49,779
49,781
49,794
49,800
49,810
49,922
49,997
49,1000
49,1001
49,1002
49,1003
49,1033
49,1084
49,1199
49,1217
49,1627
49,1795
49,1907
49,1944
50,1
50,2
50,3
50,4
50,5
50,6
50,7
50,8
50,9
50,10
50,11
50,12
50,13
50,14
50,15
50,16
50,17
50,18
50,19
50,20
50,21
50,22
50,23
50,24
50,26
50,27
50,29
50,31
50,32
50,33
50,34
50,35
50,36
50,37
50,38
50,40
50,41
50,42
50,43
50,44
50,46
50,47
50,48
50,49
50,51
50,53
50,55
50,56
50,58
50,60
50,62
50,63
50,64
50,65
50,66
50,67
50,69
50,70
50,72
50,75
50,76
50,77
50,78
50,79
50,80
50,82
50,83
50,84
50,85
50,86
50,90
50,92
50,96
50,98
50,100
50,101
50,102
50,103
50,104
50,105
50,106
50,107
50,114
50,115
50,116
50,117
50,118
50,119
50,121
50,122
50,123
50,124
50,125
50,126
50,127
50,128
50,139
50,141
50,155
50,156
50,157
50,165
50,168
50,175
50,178
50,179
50,180
50,181
50,182
50,185
50,191
50,192
50,193
50,194
50,205
50,216
50,217
50,246
50,255
50,272
50,275
50,301
50,309
50,320
50,345
50,346
50,347
50,350
50,352
50,359
50,365
50,368
50,376
50,385
50,388
50,396
50,398
50,425
50,427
50,445
50,478
50,480
50,520
50,530
50,533
50,572
50,573
50,576
50,706
50,798
50,854
50,855
50,943
50,1033
50,1097
50,1199
50,1239
50,1250
50,1572
50,1627
50,2793
51,1
51,2
51,3
51,4
51,5
51,6
51,7
51,8
51,9
51,10
51,11
51,12
51,13
51,14
51,15
51,16
51,17
51,18
51,19
51,20
51,21
51,22
51,23
51,24
51,26
51,27
51,29
51,31
51,32
51,33
51,34
51,35
51,36
51,37
51,38
51,41
51,42
51,44
51,45
51,46
51,47
51,48
51,49
51,50
51,51
51,53
51,55
51,56
51,58
51,60
51,62
51,63
51,64
51,65
51,66
51,69
51,70
51,72
51,75
51,76
51,78
51,79
51,80
51,83
51,84
51,86
51,92
51,98
51,100
51,102
51,103
51,104
51,114
51,115
51,116
51,117
51,123
51,126
51,127
51,128
51,141
51,149
51,151
51,157
51,160
51,166
51,168
51,179
51,216
51,251
51,301
51,309
51,319
51,320
51,345
51,346
51,347
51,350
51,352
51,355
51,359
51,360
51,365
51,367
51,368
51,370
51,375
51,376
51,378
51,379
51,381
51,384
51,385
51,386
51,387
51,388
51,392
51,395
51,396
51,402
51,404
51,413
51,416
51,417
51,420
51,421
51,427
51,428
51,429
51,430
51,433
51,435
51,437
51,444
51,445
51,449
51,451
51,457
51,460
51,477
51,486
51,491
51,497
51,514
51,516
51,523
51,530
51,533
51,569
51,576
51,578
51,581
51,601
51,611
51,642
51,663
51,672
51,989
51,1018
51,1019
51,1021
51,1033
51,1188
51,1217
51,1227
51,1231
51,1627
51,1691
51,1830
52,29
52,31
52,59
52,255
52,301
53,1
53,2
53,3
53,4
53,5
53,6
53,7
53,9
53,10
53,11
53,12
53,13
53,14
53,15
53,16
53,18
53,21
53,23
53,29
53,31
53,33
53,34
53,35
53,36
53,37
53,41
53,42
53,44
53,46
53,47
53,48
53,49
53,50
53,51
53,53
53,55
53,58
53,60
53,62
53,63
53,64
53,65
53,67
53,69
53,70
53,74
53,75
53,76
53,80
53,81
53,92
53,97
53,98
53,104
53,119
53,122
53,126
53,129
53,154
53,179
53,247
53,250
53,255
53,320
53,345
53,346
53,347
53,350
53,386
53,387
53,401
53,413
53,416
53,439
53,449
53,457
53,460
53,484
53,503
53,514
53,516
53,525
53,622
53,641
53,668
53,1021
53,1033
53,1071
53,1188
53,1198
53,2442
53,2443
53,2444
53,2740
54,4
54,23
54,29
54,31
54,52
54,62
54,70
54,79
54,81
55,2
55,4
55,6
55,9
55,12
55,14
55,15
55,18
55,23
55,24
55,29
55,31
55,35
55,36
55,37
55,42
55,44
55,47
55,49
55,50
55,51
55,53
55,58
55,59
55,60
55,63
55,67
55,70
55,77
55,90
55,98
55,179
55,194
55,216
55,247
55,255
55,328
55,343
55,820
55,989
55,1033
55,1082
55,1552
56,1
56,2
56,6
56,9
56,11
56,12
56,14
56,15
56,18
56,23
56,29
56,31
56,32
56,44
56,47
56,49
56,50
56,51
56,58
56,60
56,67
56,70
56,82
56,98
56,121
56,131
56,175
56,247
56,419
56,1033
56,1082
57,29
57,44
57,70
57,77
57,1268
57,1309
58,1
58,2
58,4
58,5
58,6
58,7
58,8
58,9
58,10
58,11
58,12
58,13
58,14
58,15
58,17
58,18
58,19
58,20
58,21
58,23
58,24
58,26
58,27
58,28
58,29
58,31
58,32
58,33
58,34
58,35
58,36
58,37
58,38
58,41
58,42
58,43
58,44
58,46
58,47
58,48
58,49
58,50
58,51
58,53
58,55
58,56
58,58
58,60
58,62
58,63
58,64
58,65
58,66
58,67
58,69
58,70
58,74
58,76
58,78
58,79
58,80
58,81
58,83
58,86
58,88
58,90
58,92
58,95
58,96
58,98
58,99
58,100
58,101
58,102
58,104
58,109
58,110
58,111
58,112
58,113
58,114
58,115
58,117
58,123
58,130
58,131
58,135
58,136
58,137
58,141
58,151
58,159
58,160
58,161
58,162
58,163
58,166
58,167
58,168
58,169
58,171
58,173
58,174
58,175
58,207
58,226
58,237
58,244
58,247
58,248
58,249
58,301
58,338
58,343
58,345
58,347
58,350
58,352
58,359
58,360
58,361
58,363
58,367
58,368
58,369
58,370
58,371
58,372
58,374
58,376
58,378
58,381
58,384
58,385
58,387
58,391
58,393
58,408
58,411
58,412
58,413
58,414
58,415
58,416
58,417
58,418
58,419
58,427
58,431
58,435
58,442
58,444
58,449
58,451
58,457
58,460
58,472
58,483
58,497
58,506
58,513
58,514
58,520
58,614
58,636
58,678
58,727
58,766
58,767
58,781
58,790
58,794
58,820
58,920
58,922
58,949
58,997
58,1001
58,1002
58,1003
58,1020
58,1033
58,1051
58,1068
58,1112
58,1184
58,1188
58,1199
58,1209
58,1217
58,1266
58,1409
58,1505
58,1627
58,1638
58,2741
59,10
59,12
59,16
59,29
59,31
59,39
59,44
59,47
59,52
59,55
59,67
59,96
60,1
60,2
60,3
60,4
60,5
60,6
60,7
60,8
60,9
60,10
60,12
60,13
60,14
60,15
60,17
60,18
60,21
60,23
60,24
60,26
60,27
60,29
60,31
60,33
60,36
60,37
60,38
60,42
60,44
60,47
60,48
60,49
60,50
60,51
60,53
60,55
60,56
60,58
60,60
60,62
60,63
60,64
60,65
60,67
60,69
60,70
60,75
60,76
60,84
60,94
60,98
60,104
60,115
60,117
60,122
60,123
60,125
60,128
60,139
60,157
60,160
60,163
60,166
60,175
60,179
60,194
60,205
60,216
60,297
60,301
60,309
60,315
60,316
60,319
60,338
60,347
60,350
60,385
60,419
60,434
60,572
60,1082
60,1096
60,1313
60,1419
61,31
61,99
61,301
61,1096
62,2
62,4
62,6
62,7
62,9
62,10
62,12
62,15
62,18
62,21
62,23
62,29
62,31
62,34
62,35
62,37
62,38
62,39
62,44
62,45
62,47
62,49
62,50
62,51
62,53
62,54
62,56
62,58
62,60
62,63
62,67
62,70
62,80
62,81
62,82
62,98
62,179
62,237
62,247
62,255
62,311
62,484
62,602
62,1082
63,1
63,2
63,4
63,6
63,7
63,9
63,10
63,11
63,12
63,13
63,14
63,15
63,16
63,17
63,18
63,19
63,21
63,22
63,23
63,26
63,27
63,29
63,31
63,35
63,36
63,37
63,41
63,42
63,44
63,47
63,48
63,49
63,50
63,53
63,55
63,58
63,60
63,62
63,63
63,64
63,65
63,67
63,70
63,71
63,74
63,79
63,80
63,81
63,83
63,84
63,92
63,98
63,104
63,107
63,117
63,127
63,128
63,137
63,151
63,154
63,160
63,161
63,166
63,167
63,179
63,251
63,275
63,301
63,319
63,345
63,346
63,347
63,350
63,351
63,353
63,355
63,359
63,360
63,367
63,368
63,373
63,375
63,376
63,379
63,382
63,384
63,385
63,388
63,392
63,396
63,398
63,401
63,404
63,406
63,413
63,416
63,417
63,420
63,421
63,424
63,427
63,428
63,429
63,430
63,432
63,433
63,435
63,437
63,439
63,442
63,444
63,449
63,451
63,452
63,457
63,460
63,464
63,478
63,481
63,486
63,491
63,497
63,499
63,502
63,504
63,505
63,506
63,514
63,516
63,523
63,526
63,530
63,533
63,534
63,549
63,554
63,555
63,564
63,571
63,573
63,574
63,576
63,578
63,581
63,588
63,596
63,601
63,636
63,638
63,679
63,688
63,691
63,884
63,886
63,914
63,918
63,1026
63,1033
63,1047
63,1082
63,1231
63,1323
63,1604
63,1691
63,1944
63,2292
63,2362
64,1
64,2
64,3
64,4
64,5
64,6
64,7
64,8
64,9
64,10
64,12
64,13
64,14
64,15
64,18
64,19
64,21
64,23
64,26
64,27
64,29
64,31
64,33
64,34
64,35
64,36
64,37
64,42
64,44
64,47
64,48
64,49
64,50
64,51
64,53
64,58
64,60
64,63
64,64
64,65
64,69
64,70
64,78
64,87
64,88
64,90
64,92
64,96
64,97
64,98
64,100
64,102
64,104
64,109
64,110
64,111
64,112
64,113
64,114
64,115
64,116
64,117
64,124
64,128
64,129
64,133
64,134
64,135
64,137
64,139
64,141
64,142
64,144
64,146
64,148
64,149
64,151
64,154
64,157
64,158
64,160
64,161
64,162
64,163
64,164
64,165
64,166
64,167
64,168
64,169
64,171
64,196
64,216
64,223
64,225
64,232
64,291
64,301
64,346
64,347
64,352
64,359
64,361
64,367
64,368
64,370
64,371
64,374
64,378
64,408
64,410
64,425
64,435
64,990
64,1033
64,1179
64,1464
64,1534
64,2275
65,1
65,2
65,3
65,4
65,5
65,6
65,7
65,9
65,12
65,13
65,14
65,18
65,19
65,21
65,23
65,26
65,27
65,29
65,31
65,35
65,36
65,37
65,41
65,44
65,46
65,47
65,48
65,49
65,50
65,51
65,53
65,58
65,60
65,63
65,64
65,69
65,70
65,78
65,80
65,81
65,86
65,88
65,92
65,97
65,98
65,100
65,104
65,109
65,111
65,114
65,117
65,126
65,135
65,141
65,144
65,148
65,151
65,153
65,154
65,160
65,161
65,162
65,163
65,164
65,166
65,167
65,168
65,169
65,171
65,196
65,197
65,207
65,209
65,210
65,219
65,224
65,232
65,253
65,280
65,285
65,291
65,292
65,346
65,347
65,350
65,359
65,360
65,361
65,367
65,368
65,369
65,370
65,371
65,372
65,374
65,376
65,378
65,385
65,388
65,391
65,392
65,405
65,408
65,411
65,413
65,416
65,420
65,422
65,427
65,428
65,435
65,437
65,444
65,447
65,448
65,451
65,453
65,454
65,455
65,456
65,457
65,460
65,461
65,463
65,465
65,472
65,482
65,523
65,524
65,547
65,554
65,559
65,564
65,586
65,601
65,614
65,663
65,667
65,726
65,727
65,805
65,818
65,922
65,935
65,1017
65,1033
65,1068
65,1188
65,1209
65,1239
65,1292
65,1350
65,1610
65,1611
65,1627
65,1856
65,1944
65,2275
66,1
66,2
66,9
66,18
66,29
66,31
66,37
66,44
66,47
66,49
66,50
66,51
66,58
66,67
66,69
66,70
66,75
66,114
66,116
66,305
66,424
66,1103
66,1897
67,1
67,2
67,3
67,4
67,5
67,6
67,7
67,9
67,10
67,11
67,12
67,14
67,15
67,16
67,17
67,18
67,19
67,21
67,22
67,23
67,24
67,29
67,31
67,34
67,35
67,36
67,37
67,38
67,40
67,41
67,42
67,44
67,46
67,47
67,48
67,49
67,50
67,53
67,55
67,56
67,58
67,59
67,60
67,62
67,63
67,64
67,66
67,69
67,70
67,72
67,75
67,76
67,77
67,79
67,80
67,88
67,97
67,98
67,103
67,114
67,116
67,119
67,127
67,128
67,136
67,180
67,193
67,216
67,228
67,251
67,315
67,320
67,345
67,346
67,347
67,365
67,384
67,386
67,396
67,978
67,979
67,981
67,994
67,1082
67,1627
67,1960
68,29
68,31
69,1
69,2
69,3
69,5
69,6
69,7
69,8
69,9
69,12
69,13
69,18
69,19
69,21
69,23
69,26
69,27
69,29
69,31
69,34
69,35
69,36
69,37
69,38
69,44
69,47
69,48
69,49
69,50
69,51
69,53
69,58
69,60
69,64
69,65
69,67
69,70
69,75
69,78
69,83
69,86
69,87
69,92
69,93
69,96
69,98
69,102
69,104
69,109
69,114
69,115
69,126
69,141
69,160
69,165
69,167
69,301
69,330
69,347
69,350
69,480
69,678
69,790
69,1033
69,1183
69,1184
69,1199
69,1287
69,1288
69,1295
69,1820
69,2290
70,1
70,2
70,3
70,4
70,5
70,6
70,7
70,8
70,9
70,10
70,12
70,13
70,14
70,15
70,16
70,17
70,18
70,19
70,20
70,21
70,22
70,23
70,24
70,26
70,27
70,29
70,31
70,33
70,34
70,35
70,36
70,37
70,38
70,39
70,41
70,42
70,44
70,46
70,47
70,48
70,49
70,50
70,51
70,53
70,54
70,55
70,56
70,57
70,58
70,60
70,61
70,62
70,63
70,64
70,65
70,66
70,67
70,69
70,74
70,75
70,76
70,77
70,78
70,79
70,80
70,81
70,82
70,83
70,84
70,86
70,87
70,88
70,90
70,92
70,93
70,98
70,100
70,101
70,102
70,103
70,104
70,105
70,106
70,109
70,111
70,112
70,114
70,115
70,116
70,117
70,119
70,121
70,122
70,123
70,125
70,126
70,127
70,128
70,130
70,133
70,135
70,136
70,137
70,139
70,141
70,146
70,148
70,150
70,151
70,155
70,156
70,157
70,160
70,161
70,163
70,165
70,166
70,167
70,168
70,169
70,173
70,174
70,175
70,178
70,179
70,204
70,205
70,216
70,237
70,244
70,247
70,249
70,275
70,319
70,345
70,347
70,350
70,359
70,360
70,361
70,365
70,371
70,374
70,376
70,381
70,385
70,393
70,410
70,419
70,427
70,434
70,464
70,530
70,572
70,602
70,653
70,779
70,790
70,796
70,814
70,819
70,1002
70,1033
70,1184
70,1188
70,1252
70,1259
70,1410
70,1534
70,1627
70,1761
70,2592
71,2
71,31
71,44
71,45
71,63
71,386
71,484
71,641
71,699
72,2
72,6
72,9
72,12
72,14
72,15
72,29
72,31
72,36
72,37
72,38
72,41
72,44
72,47
72,50
72,51
72,55
72,59
72,67
72,70
72,75
72,98
72,179
72,249
72,255
72,345
72,360
72,572
73,29
74,2
74,6
74,7
74,15
74,23
74,29
74,31
74,34
74,44
74,49
74,53
74,58
74,63
74,70
74,609
75,1
75,2
75,3
75,6
75,9
75,12
75,13
75,14
75,17
75,18
75,23
75,29
75,31
75,33
75,35
75,36
75,37
75,42
75,44
75,46
75,47
75,49
75,50
75,51
75,53
75,56
75,60
75,66
75,67
75,69
75,70
75,72
75,83
75,98
75,110
75,128
75,179
75,181
75,183
75,255
75,347
75,572
75,818
75,978
75,994
75,1033
76,1
76,2
76,4
76,5
76,6
76,9
76,10
76,12
76,14
76,15
76,17
76,18
76,21
76,29
76,31
76,32
76,36
76,37
76,44
76,49
76,50
76,51
76,53
76,55
76,58
76,60
76,67
76,70
76,77
76,98
76,125
76,1033
76,1184
77,2
77,9
77,10
77,12
77,18
77,29
77,31
77,43
77,44
77,50
77,55
77,56
77,57
77,66
77,67
77,70
77,83
77,90
77,98
77,255
77,1033
78,1
78,2
78,6
78,7
78,9
78,13
78,18
78,19
78,21
78,23
78,31
78,35
78,37
78,44
78,48
78,49
78,50
78,51
78,58
78,64
78,65
78,69
78,70
78,92
78,96
78,97
78,100
78,109
78,111
78,131
78,161
78,163
78,173
78,206
78,224
78,338
78,350
78,361
78,363
78,368
78,374
78,419
78,1033
78,1183
78,1188
78,1409
79,2
79,6
79,9
79,12
79,14
79,29
79,31
79,36
79,38
79,44
79,47
79,50
79,51
79,58
79,62
79,63
79,66
79,67
79,83
79,98
79,179
79,247
80,1
80,2
80,3
80,4
80,7
80,9
80,12
80,14
80,18
80,23
80,29
80,31
80,33
80,36
80,37
80,46
80,49
80,50
80,51
80,53
80,58
80,62
80,63
80,65
80,67
80,70
80,76
80,80
80,98
80,116
80,128
80,251
80,252
80,319
80,325
80,327
80,345
80,347
80,358
80,375
80,379
80,381
80,384
80,404
80,427
80,449
80,457
80,459
80,486
80,491
80,493
80,497
80,504
80,514
80,515
80,516
80,517
80,530
80,549
80,602
80,604
80,650
80,697
80,717
80,724
80,960
80,1231
80,1755
80,1952
80,2335
81,2
81,4
81,11
81,23
81,29
81,31
81,44
81,53
81,58
81,62
81,63
81,70
82,2
82,29
82,31
82,35
82,44
82,50
82,56
82,70
82,84
82,86
82,255
82,1033
82,1313
83,2
83,4
83,9
83,15
83,23
83,29
83,31
83,33
83,39
83,44
83,47
83,49
83,50
83,51
83,58
83,63
83,70
83,98
83,117
83,170
83,346
83,368
83,442
83,472
84,1
84,2
84,6
84,9
84,12
84,14
84,18
84,29
84,31
84,36
84,37
84,42
84,44
84,50
84,51
84,59
84,60
84,67
84,70
84,98
84,99
84,100
84,347
84,602
84,1033
84,1291
85,9
85,21
85,42
85,44
85,49
85,50
86,1
86,4
86,6
86,9
86,12
86,18
86,19
86,26
86,27
86,29
86,31
86,35
86,37
86,44
86,49
86,50
86,51
86,58
86,65
86,69
86,70
86,74
86,83
86,86
86,102
86,111
86,114
86,125
86,175
86,301
86,309
86,310
86,338
86,480
86,1291
86,2793
87,6
87,9
87,21
87,24
87,31
87,46
87,49
87,60
87,64
87,70
87,157
87,316
87,338
87,602
88,6
88,9
88,13
88,19
88,21
88,31
88,34
88,44
88,48
88,49
88,58
88,64
88,65
88,70
88,92
88,94
88,95
88,96
88,109
88,115
88,145
88,149
88,160
88,165
88,359
88,1033
88,1820
89,48
90,2
90,6
90,9
90,13
90,21
90,31
90,39
90,44
90,46
90,48
90,49
90,50
90,58
90,64
90,69
90,70
90,92
90,102
90,111
90,112
90,114
90,142
90,165
90,167
90,169
90,338
90,345
90,983
90,1033
90,1183
90,1188
90,1199
90,1945
91,48
91,145
91,163
91,224
91,2286
92,1
92,2
92,3
92,5
92,6
92,7
92,8
92,9
92,12
92,13
92,17
92,18
92,19
92,21
92,23
92,26
92,27
92,31
92,34
92,36
92,37
92,44
92,47
92,48
92,49
92,50
92,51
92,53
92,58
92,63
92,64
92,65
92,69
92,70
92,78
92,87
92,88
92,90
92,93
92,94
92,95
92,97
92,98
92,100
92,102
92,104
92,107
92,109
92,111
92,114
92,115
92,117
92,119
92,133
92,135
92,137
92,138
92,142
92,144
92,148
92,149
92,150
92,151
92,152
92,153
92,154
92,156
92,157
92,158
92,160
92,161
92,162
92,163
92,164
92,166
92,167
92,168
92,169
92,187
92,196
92,202
92,203
92,207
92,223
92,224
92,227
92,235
92,236
92,240
92,273
92,274
92,338
92,350
92,368
92,370
92,371
92,419
92,435
92,748
92,836
92,989
92,990
92,1033
92,1089
92,1183
92,1627
92,1628
92,2179
92,2270
92,2275
92,2314
92,2794
93,6
93,48
93,70
93,92
93,101
93,147
93,153
93,172
93,204
93,224
93,341
93,435
93,788
93,1089
93,1183
94,6
94,48
94,60
94,92
94,93
94,146
94,169
94,338
95,31
95,49
95,58
95,78
95,96
95,97
95,338
95,1183
96,5
96,7
96,13
96,18
96,37
96,44
96,48
96,58
96,66
96,78
96,95
96,97
96,100
96,102
96,109
96,110
96,111
96,112
96,113
96,114
96,115
96,161
96,173
96,727
96,1001
96,1033
96,1103
96,1184
96,1250
97,2
97,3
97,7
97,9
97,12
97,13
97,18
97,21
97,23
97,31
97,34
97,35
97,37
97,44
97,48
97,49
97,50
97,53
97,58
97,63
97,64
97,65
97,67
97,78
97,95
97,96
97,100
97,101
97,102
97,109
97,111
97,113
97,114
97,115
97,160
97,173
97,1183
98,1
98,2
98,3
98,4
98,5
98,6
98,7
98,9
98,10
98,11
98,12
98,13
98,14
98,15
98,16
98,17
98,18
98,19
98,21
98,22
98,23
98,24
98,26
98,27
98,29
98,31
98,33
98,35
98,36
98,38
98,40
98,41
98,42
98,43
98,44
98,46
98,47
98,48
98,49
98,50
98,51
98,53
98,55
98,56
98,58
98,60
98,62
98,63
98,64
98,65
98,67
98,69
98,70
98,72
98,75
98,76
98,77
98,79
98,80
98,83
98,84
98,90
98,92
98,98
98,100
98,103
98,104
98,107
98,116
98,123
98,124
98,127
98,128
98,141
98,154
98,160
98,166
98,167
98,179
98,181
98,192
98,216
98,237
98,243
98,246
98,249
98,251
98,272
98,275
98,305
98,324
98,346
98,347
98,350
98,355
98,359
98,365
98,367
98,368
98,376
98,384
98,385
98,388
98,413
98,416
98,420
98,421
98,427
98,428
98,432
98,437
98,451
98,460
98,491
98,499
98,514
98,520
98,576
98,602
98,818
98,914
98,1033
98,1082
98,1268
98,1944
98,2267
99,31
100,1
100,2
100,3
100,6
100,7
100,9
100,13
100,15
100,18
100,19
100,21
100,23
100,27
100,31
100,35
100,37
100,44
100,48
100,49
100,50
100,51
100,53
100,58
100,64
100,65
100,70
100,78
100,83
100,84
100,92
100,96
100,97
100,98
100,104
100,111
100,112
100,113
100,114
100,166
100,173
100,179
100,330
100,338
100,350
100,361
100,820
100,920
100,1001
100,1033
100,1183
100,1188
100,1834
100,2251
101,2
101,3
101,7
101,18
101,29
101,31
101,34
101,37
101,44
101,47
101,49
101,50
101,58
101,70
101,93
101,96
101,97
101,136
101,163
101,174
101,237
101,249
101,563
101,1033
101,1185
102,2
102,3
102,5
102,6
102,9
102,13
102,14
102,18
102,21
102,29
102,31
102,34
102,37
102,44
102,48
102,49
102,50
102,51
102,58
102,64
102,69
102,70
102,83
102,92
102,96
102,97
102,99
102,111
102,165
102,169
102,175
102,316
102,338
102,820
102,1003
102,1033
102,1183
103,5
103,6
103,9
103,12
103,29
103,31
103,36
103,44
103,47
103,50
103,51
103,55
103,67
103,70
103,84
103,98
103,127
103,180
103,255
103,275
103,982
104,3
104,5
104,6
104,7
104,9
104,12
104,13
104,14
104,18
104,19
104,21
104,26
104,27
104,29
104,31
104,35
104,36
104,37
104,44
104,48
104,49
104,50
104,51
104,58
104,60
104,63
104,64
104,65
104,69
104,70
104,78
104,92
104,95
104,98
104,100
104,109
104,111
104,115
104,139
104,151
104,160
104,163
104,164
104,166
104,167
104,168
104,169
104,181
104,207
104,224
104,370
104,378
104,435
104,454
104,818
104,1033
104,1188
104,1611
105,5
105,6
105,9
105,50
105,70
105,205
105,217
105,1183
106,5
106,6
106,9
106,31
106,44
106,50
106,86
106,107
106,125
106,1033
107,5
107,6
107,9
107,44
107,50
107,855
107,1183
107,1199
109,2
109,3
109,4
109,6
109,9
109,13
109,18
109,19
109,21
109,23
109,26
109,27
109,31
109,37
109,44
109,48
109,49
109,53
109,58
109,64
109,65
109,69
109,70
109,88
109,92
109,95
109,96
109,97
109,100
109,104
109,110
109,111
109,112
109,113
109,114
109,140
109,145
109,160
109,161
109,165
109,169
109,331
109,1033
109,1183
109,1274
109,1275
109,1277
109,1279
109,1284
110,13
110,35
110,48
110,49
110,58
110,64
110,95
110,96
110,109
110,1183
111,6
111,9
111,10
111,13
111,21
111,31
111,34
111,35
111,46
111,48
111,49
111,58
111,64
111,65
111,69
111,70
111,78
111,86
111,92
111,96
111,97
111,100
111,104
111,109
111,112
111,113
111,115
111,126
111,161
111,163
111,170
111,316
111,419
111,559
111,678
111,793
111,798
111,854
111,997
111,1033
111,1183
111,2793
112,49
112,58
112,64
112,70
112,90
112,95
112,96
112,100
112,109
112,110
112,111
112,113
112,131
112,163
112,331
112,1033
112,1188
113,49
113,58
113,64
113,88
113,95
113,96
113,97
113,100
113,109
113,111
113,112
113,1183
114,4
114,6
114,9
114,13
114,18
114,21
114,23
114,24
114,31
114,44
114,48
114,49
114,50
114,51
114,58
114,64
114,69
114,70
114,78
114,84
114,87
114,90
114,91
114,92
114,96
114,97
114,102
114,111
114,115
114,149
114,156
114,161
114,165
114,175
114,243
114,301
114,338
114,346
114,350
114,378
114,480
114,726
114,818
114,1033
114,1082
114,1199
114,2286
115,6
115,9
115,13
115,18
115,21
115,31
115,44
115,46
115,48
115,49
115,50
115,51
115,58
115,60
115,64
115,69
115,70
115,92
115,95
115,96
115,97
115,102
115,111
115,114
115,141
115,165
115,365
115,790
115,1003
115,1033
115,1183
115,1199
115,1627
116,1
116,2
116,6
116,9
116,12
116,14
116,16
116,22
116,29
116,31
116,33
116,35
116,36
116,37
116,40
116,44
116,47
116,50
116,51
116,56
116,64
116,66
116,67
116,70
116,75
116,98
116,128
116,129
116,216
116,255
116,347
116,859
116,1830
116,2250
117,4
117,6
117,9
117,13
117,18
117,19
117,26
117,27
117,31
117,35
117,44
117,48
117,49
117,50
117,51
117,58
117,60
117,63
117,64
117,65
117,70
117,83
117,92
117,117
117,151
117,160
117,161
117,176
117,177
117,186
117,187
117,213
117,214
117,224
117,242
117,257
117,259
117,260
117,261
117,262
117,263
117,264
117,265
117,266
117,267
117,268
117,269
117,270
117,271
117,295
117,298
117,301
117,312
117,333
117,342
117,347
117,357
117,359
117,376
117,388
117,425
117,427
117,435
117,463
117,523
117,564
117,572
117,599
117,631
117,726
117,729
117,830
117,1017
117,1154
117,1175
117,1239
117,1308
117,1382
117,1537
117,1781
117,1788
117,1789
117,1806
117,1815
117,1851
117,1856
117,1944
117,1978
117,1987
117,1988
117,1994
117,1996
117,1997
117,1999
117,2006
117,2018
117,2094
117,2119
117,2120
117,2122
117,2130
117,2147
117,2154
117,2156
117,2206
117,2530
118,6
118,9
118,44
118,50
119,1
119,2
119,9
119,12
119,14
119,23
119,29
119,31
119,36
119,39
119,42
119,44
119,50
119,53
119,67
119,94
119,255
121,9
121,21
121,31
121,44
121,50
121,70
121,86
121,338
121,1183
122,1
122,2
122,5
122,6
122,23
122,31
122,39
122,44
122,50
122,53
122,60
122,70
122,86
122,123
122,1033
122,1572
122,2793
123,1
123,2
123,5
123,6
123,9
123,12
123,23
123,31
123,42
123,44
123,47
123,49
123,50
123,51
123,58
123,60
123,70
123,83
123,98
123,128
123,155
123,157
123,175
123,185
123,255
123,341
123,943
123,1033
123,1199
123,1407
124,5
124,6
124,9
124,12
124,18
124,37
124,42
124,44
124,50
124,64
124,98
124,122
124,141
124,175
124,301
124,602
124,2493
125,1
125,6
125,9
125,18
125,31
125,44
125,50
125,60
125,70
125,86
125,106
125,157
125,338
125,989
125,1033
125,1183
126,1
126,6
126,9
126,12
126,15
126,16
126,21
126,26
126,27
126,31
126,35
126,44
126,48
126,49
126,50
126,51
126,53
126,56
126,63
126,65
126,69
126,70
126,85
126,86
126,114
126,119
126,151
126,166
126,301
126,338
126,361
126,419
126,434
126,602
126,920
127,1
127,9
127,12
127,22
127,36
127,44
127,47
127,50
127,51
127,63
127,66
127,67
127,84
127,98
127,103
127,1830
128,1
128,2
128,6
128,9
128,12
128,13
128,14
128,17
128,18
128,22
128,23
128,29
128,31
128,33
128,36
128,37
128,44
128,47
128,49
128,50
128,51
128,60
128,63
128,64
128,67
128,70
128,75
128,98
128,116
128,180
128,181
128,255
128,277
128,365
128,520
128,1033
128,1293
128,2456
128,2594
129,1
129,2
129,3
129,11
129,12
129,23
129,31
129,35
129,36
129,37
129,44
129,51
129,53
129,56
129,64
129,116
129,1096
130,2
130,29
130,31
130,44
130,58
130,70
130,315
130,363
130,820
131,49
131,58
131,78
131,110
131,112
131,113
131,163
131,338
131,1183
132,13
132,48
132,149
133,6
133,13
133,18
133,26
133,27
133,48
133,64
133,70
133,92
133,135
133,148
133,149
133,150
133,153
133,158
133,203
133,293
133,1033
133,2260
133,2261
133,2262
133,2263
133,2264
133,2265
134,6
134,48
134,64
134,143
134,204
134,1183
134,1912
135,6
135,8
135,9
135,13
135,19
135,26
135,27
135,48
135,58
135,64
135,65
135,70
135,88
135,92
135,93
135,100
135,133
135,141
135,148
135,149
135,152
135,158
135,160
135,163
135,166
135,167
135,189
135,225
135,227
135,240
135,274
135,338
135,2270
135,2355
136,31
136,44
136,49
136,58
136,70
136,1096
137,13
137,18
137,19
137,26
137,27
137,31
137,48
137,49
137,63
137,64
137,70
137,92
137,109
137,115
137,133
137,160
137,161
137,166
137,167
137,197
137,224
137,232
137,297
137,1199
138,6
138,27
138,48
138,92
138,150
138,273
139,6
139,8
139,9
139,18
139,21
139,44
139,48
139,49
139,50
139,58
139,64
139,70
139,114
139,141
139,310
139,338
139,1033
140,13
140,48
140,109
140,145
141,5
141,6
141,8
141,9
141,12
141,13
141,18
141,21
141,26
141,31
141,44
141,47
141,48
141,49
141,50
141,58
141,64
141,65
141,69
141,70
141,87
141,139
141,148
141,161
141,301
141,410
141,602
141,1184
141,1628
142,13
142,19
142,26
142,27
142,48
142,64
142,92
142,150
142,196
142,1199
143,6
143,9
143,48
143,133
143,134
143,146
143,204
143,1033
143,1199
144,13
144,19
144,26
144,27
144,48
144,49
144,64
144,65
144,92
144,160
144,161
144,1033
144,1199
144,1628
144,2326
145,13
145,48
145,64
145,88
145,91
145,109
145,140
145,1007
145,1272
145,1467
146,6
146,8
146,9
146,13
146,18
146,44
146,48
146,60
146,64
146,70
146,94
146,114
146,123
146,139
146,141
146,143
146,157
146,205
146,371
146,837
146,984
146,1033
147,48
147,93
147,94
147,293
148,6
148,9
148,13
148,26
148,27
148,28
148,48
148,49
148,64
148,65
148,70
148,92
148,133
148,135
148,141
148,150
148,160
148,188
148,202
148,221
148,223
148,224
148,240
148,435
148,1199
148,2306
148,2307
149,13
149,26
149,48
149,70
149,88
149,92
149,160
149,167
150,6
150,27
150,48
150,70
150,92
150,93
150,133
150,135
150,138
150,148
150,158
150,202
150,203
150,273
150,316
150,371
150,1920
150,2264
151,6
151,9
151,13
151,19
151,26
151,27
151,31
151,44
151,48
151,49
151,51
151,58
151,64
151,65
151,92
151,104
151,117
151,154
151,160
151,161
151,167
151,168
151,207
151,208
151,209
151,210
151,211
151,212
151,238
151,281
151,288
151,357
151,362
151,376
151,405
151,422
151,425
151,435
151,447
151,456
151,461
151,463
151,474
151,524
151,544
151,553
151,583
151,585
151,664
151,710
151,774
151,900
151,1239
151,1944
151,2311
152,92
152,135
152,274
152,2794
153,48
153,65
153,92
153,93
153,133
154,13
154,18
154,27
154,36
154,49
154,53
154,63
154,64
154,70
154,92
154,98
154,160
154,163
154,301
154,1033
154,1199
155,6
155,9
155,48
155,50
155,70
155,92
155,156
155,169
155,232
156,2
156,6
156,9
156,31
156,44
156,48
156,50
156,70
156,798
157,1
157,5
157,6
157,9
157,21
157,44
157,48
157,50
157,51
157,60
157,64
157,70
157,87
157,125
157,306
157,602
157,855
157,1033
157,1183
158,6
158,27
158,48
158,64
158,92
158,133
158,135
158,149
158,150
158,202
158,203
158,236
158,1183
159,48
159,58
160,3
160,6
160,7
160,9
160,12
160,13
160,18
160,19
160,26
160,27
160,31
160,35
160,36
160,37
160,38
160,48
160,49
160,51
160,58
160,60
160,63
160,64
160,65
160,67
160,69
160,70
160,88
160,92
160,97
160,98
160,104
160,109
160,117
160,135
160,137
160,144
160,148
160,149
160,150
160,151
160,154
160,161
160,163
160,166
160,167
160,168
160,169
160,171
160,197
160,207
160,209
160,210
160,224
160,232
160,236
160,301
160,320
160,338
160,350
160,368
160,370
160,374
160,378
160,435
160,465
160,614
160,1033
160,1188
160,1199
160,1217
160,2326
161,1
161,6
161,9
161,12
161,13
161,18
161,26
161,27
161,31
161,35
161,37
161,38
161,44
161,48
161,49
161,58
161,60
161,63
161,64
161,65
161,66
161,69
161,70
161,78
161,92
161,96
161,104
161,117
161,141
161,144
161,151
161,160
161,164
161,166
161,167
161,171
161,224
161,291
161,292
161,301
161,368
161,370
161,374
161,827
161,1033
161,1188
161,1239
161,1292
161,1628
161,1897
161,2259
162,6
162,9
162,13
162,19
162,27
162,31
162,48
162,49
162,58
162,64
162,65
162,92
162,149
162,160
162,167
162,371
162,435
163,5
163,6
163,7
163,9
163,13
163,18
163,19
163,24
163,26
163,27
163,31
163,43
163,48
163,49
163,58
163,60
163,64
163,65
163,70
163,78
163,84
163,90
163,91
163,92
163,100
163,101
163,104
163,111
163,112
163,131
163,135
163,148
163,154
163,160
163,166
163,167
163,168
163,175
163,197
163,223
163,236
163,249
163,285
163,303
163,338
163,753
163,862
163,1628
163,2297
164,13
164,19
164,26
164,27
164,48
164,49
164,64
164,65
164,92
164,144
164,149
164,154
164,161
164,166
164,291
165,6
165,9
165,18
165,21
165,44
165,48
165,49
165,50
165,64
165,69
165,70
165,90
165,92
165,115
165,125
165,278
165,338
165,1033
165,1199
166,3
166,6
166,9
166,13
166,18
166,19
166,26
166,27
166,31
166,36
166,48
166,49
166,51
166,58
166,63
166,64
166,65
166,70
166,88
166,92
166,98
166,100
166,104
166,114
166,126
166,135
166,137
166,151
166,160
166,161
166,163
166,164
166,168
166,274
166,301
166,343
166,374
166,376
166,378
166,1033
166,1068
166,1188
166,1199
167,6
167,9
167,13
167,19
167,26
167,27
167,31
167,48
167,49
167,58
167,63
167,64
167,65
167,69
167,70
167,92
167,98
167,104
167,135
167,137
167,139
167,141
167,149
167,151
167,160
167,161
167,162
167,163
167,168
167,169
167,207
167,224
167,253
167,254
167,279
167,285
167,301
167,370
167,374
167,1068
167,2276
167,2321
168,3
168,6
168,9
168,13
168,18
168,19
168,21
168,26
168,27
168,31
168,44
168,48
168,49
168,50
168,51
168,58
168,64
168,65
168,70
168,78
168,92
168,104
168,111
168,115
168,151
168,160
168,163
168,166
168,167
168,207
168,209
168,1313
169,5
169,6
169,8
169,9
169,13
169,27
169,31
169,34
169,35
169,48
169,49
169,58
169,64
169,65
169,70
169,88
169,90
169,92
169,104
169,109
169,111
169,124
169,135
169,154
169,160
169,280
169,310
169,559
169,748
169,1000
169,1033
169,1186
169,1464
170,37
170,347
170,1250
171,13
171,19
171,58
171,64
171,65
171,100
171,161
171,291
171,1199
172,48
172,93
173,18
173,58
173,60
173,69
173,70
173,78
173,97
173,100
173,126
173,175
173,419
173,1033
173,1035
174,31
174,34
174,58
174,70
174,101
174,653
175,7
175,31
175,44
175,49
175,50
175,58
175,70
175,102
175,111
175,163
175,169
175,249
175,361
175,368
175,374
175,419
175,480
175,790
175,920
175,1003
175,1033
175,1250
176,117
176,176
176,177
176,257
176,259
176,260
176,262
176,263
176,266
176,268
176,333
176,342
176,844
176,1589
176,1724
176,1788
176,1851
176,1988
176,1991
176,1992
176,1993
176,1994
176,1995
176,1999
176,2001
176,2022
176,2024
176,2031
176,2047
176,2049
176,2056
176,2057
176,2058
176,2086
177,117
177,176
177,177
177,186
177,242
177,256
177,257
177,259
177,260
177,266
177,268
177,1589
177,1788
177,1801
177,1851
177,1988
177,1989
177,1990
177,1991
177,1993
177,1994
177,1995
177,1996
177,1997
177,1998
177,1999
177,2000
177,2001
177,2029
177,2031
177,2049
177,2093
177,2094
177,2127
177,2141
177,2153
177,2169
177,2174
178,6
178,50
178,70
178,86
178,205
179,1
179,2
179,9
179,12
179,14
179,29
179,31
179,36
179,44
179,50
179,51
179,53
179,60
179,63
179,70
179,84
179,98
179,99
179,103
179,192
179,320
179,347
179,602
179,1033
179,1082
179,1291
180,12
180,36
180,44
180,50
180,67
180,103
180,130
180,350
180,359
180,373
180,442
180,449
180,477
180,602
180,666
180,687
180,789
180,821
180,1186
181,1
181,6
181,9
181,12
181,14
181,15
181,16
181,31
181,36
181,37
181,44
181,47
181,50
181,75
181,98
181,107
181,128
181,347
181,466
182,6
182,9
182,50
182,2365
183,83
183,255
184,6
184,8
185,6
185,9
185,50
185,123
185,855
185,1523
186,117
186,177
186,186
186,257
186,259
186,260
186,262
186,266
186,1983
186,2041
186,2062
186,2063
187,6
187,27
187,92
187,117
187,187
187,213
187,214
187,242
187,265
187,269
187,276
187,295
187,357
187,359
187,376
187,505
187,1239
187,1298
187,1303
187,1304
187,1305
187,1306
187,1307
187,1344
187,1398
187,1399
187,1400
187,1416
187,1429
187,1430
187,1433
187,1469
187,1516
187,1533
187,1613
187,1614
187,1645
187,1701
187,1702
187,1704
187,1705
187,1711
187,1732
187,1787
187,1790
187,1793
187,1794
187,1796
187,1802
187,1804
187,1810
187,1813
187,1814
187,1822
187,1823
187,1832
187,1896
187,1900
187,1926
187,1979
187,2006
187,2072
187,2073
187,2074
187,2167
187,2181
187,2196
187,2246
187,2491
187,2795
188,27
188,28
188,148
188,189
189,26
189,135
189,148
189,188
189,2307
190,48
191,1
191,12
191,16
191,22
191,50
192,1
192,2
192,9
192,12
192,14
192,29
192,31
192,36
192,44
192,50
192,84
192,98
192,272
193,12
193,50
193,67
194,1
194,12
194,14
194,29
194,44
194,50
194,255
195,26
195,196
196,13
196,19
196,26
196,27
196,48
196,64
196,65
196,92
196,142
196,160
196,195
196,338
197,13
197,19
197,65
197,160
197,163
198,3
198,26
198,27
198,142
198,218
198,2283
198,2330
199,19
200,6
200,134
200,204
200,1920
201,5
201,6
201,9
201,338
201,833
201,1199
202,13
202,27
202,92
202,148
202,150
202,158
203,6
203,27
203,92
203,133
203,150
203,152
203,158
204,6
204,70
204,134
204,141
204,146
204,200
204,410
204,1912
204,1920
204,2289
204,2295
205,6
205,9
205,50
205,60
205,70
205,105
205,114
205,141
205,146
205,178
205,1033
205,2793
206,92
207,9
207,13
207,19
207,26
207,27
207,49
207,58
207,65
207,92
207,104
207,151
207,160
207,161
207,166
207,167
207,168
207,208
207,209
207,210
207,211
207,212
207,435
208,65
208,151
208,207
208,209
208,212
209,9
209,19
209,27
209,48
209,65
209,104
209,151
209,160
209,161
209,168
209,207
209,208
209,211
210,19
210,65
210,151
210,207
211,151
211,238
212,151
212,207
212,208
212,211
212,2311
213,117
213,187
213,213
213,214
213,259
213,262
213,263
213,269
213,271
213,295
213,333
213,923
213,1537
213,1703
213,1808
213,1809
213,1823
213,1825
213,1875
213,1929
213,1978
213,2007
213,2019
213,2023
213,2035
213,2053
213,2054
213,2055
213,2067
213,2068
213,2069
213,2070
213,2082
213,2109
213,2112
213,2177
213,2277
213,2352
213,2385
214,117
214,187
214,213
214,214
214,269
214,295
214,333
214,1432
214,1713
214,1732
214,1803
214,1809
214,1823
214,1825
214,1875
214,1896
214,1976
214,1977
214,1978
214,1979
214,2036
214,2112
214,2167
214,2347
214,2358
215,316
216,1
216,2
216,3
216,6
216,9
216,12
216,14
216,16
216,18
216,23
216,29
216,31
216,35
216,36
216,37
216,44
216,47
216,50
216,51
216,64
216,67
216,70
216,84
216,98
216,116
216,255
216,275
216,347
216,1033
217,5
217,6
217,836
217,2288
218,26
219,65
221,26
221,148
221,223
221,2306
222,27
222,188
223,26
223,27
223,48
223,64
223,92
223,148
223,221
223,225
223,338
223,1183
223,1464
224,13
224,18
224,19
224,25
224,26
224,44
224,48
224,67
224,78
224,114
224,117
224,144
224,148
224,160
224,161
224,167
224,301
224,435
224,950
224,1033
224,2254
224,2620
225,25
225,27
225,64
225,338
225,1183
225,1199
225,2253
225,2254
226,34
226,46
226,58
226,391
226,413
226,1915
226,2493
227,19
227,26
227,27
227,92
228,2
228,12
228,23
228,29
228,30
228,31
228,36
228,44
228,67
229,13
230,2297
232,2
232,36
232,64
232,65
232,76
232,92
232,137
232,338
232,2297
233,26
233,46
234,160
235,27
235,92
235,236
235,2270
236,92
236,235
236,2270
237,7
237,31
237,34
237,58
237,70
237,97
237,98
237,101
238,151
240,27
240,92
240,135
240,148
240,241
240,338
241,27
241,240
242,117
242,187
242,242
242,261
242,262
242,271
242,342
242,829
242,1308
242,1406
242,1715
242,1806
242,1998
242,2010
242,2011
242,2012
242,2017
242,2074
242,2225
242,2668
243,31
244,23
244,31
244,44
244,58
244,70
244,243
244,790
245,2
246,12
246,14
246,15
246,42
246,44
246,50
246,98
247,2
247,17
247,23
247,29
247,31
247,38
247,39
247,53
247,55
247,56
247,58
247,62
247,70
247,79
247,244
247,301
247,520
247,602
247,1184
248,49
248,58
248,368
248,2470
249,2
249,29
249,31
249,34
249,44
249,47
249,58
249,65
249,70
249,90
249,98
249,99
250,2
250,4
250,17
250,23
250,31
250,53
250,1192
250,1198
251,4
251,12
251,29
251,31
251,51
251,63
251,67
251,80
251,252
251,717
251,725
251,2458
252,4
252,29
252,31
252,80
252,251
252,1755
252,2335
253,19
253,65
253,163
253,167
253,254
253,285
254,19
254,167
254,253
254,279
254,2276
255,1
255,2
255,12
255,14
255,15
255,16
255,17
255,22
255,23
255,24
255,29
255,30
255,31
255,36
255,38
255,41
255,42
255,44
255,50
255,52
255,53
255,55
255,62
255,70
255,72
255,75
255,76
255,103
255,116
255,119
255,123
255,128
255,194
255,216
255,255
255,277
255,278
255,602
255,1097
255,1924
256,177
257,117
257,177
257,186
257,257
257,259
257,266
257,2039
257,2040
257,2041
257,2127
257,2142
257,2144
259,117
259,177
259,266
259,298
259,342
259,1576
259,1984
259,1986
259,1987
259,1991
259,2002
259,2075
259,2077
259,2105
259,2106
259,2107
259,2110
259,2123
259,2136
259,2158
260,117
260,176
260,177
260,257
260,259
260,260
260,266
260,1788
260,1851
260,1989
260,1990
260,1991
260,1995
260,1996
260,1998
260,2000
260,2041
260,2127
260,2142
260,2356
261,117
261,242
261,261
261,262
261,268
261,269
261,271
261,342
261,829
261,830
261,834
261,840
261,841
261,846
261,1715
261,1788
261,2009
261,2010
261,2011
261,2015
261,2016
261,2017
261,2018
261,2025
261,2028
261,2206
262,117
262,176
262,177
262,213
262,259
262,261
262,262
262,263
262,268
262,271
262,294
262,295
262,333
262,342
262,830
262,838
262,839
262,840
262,841
262,842
262,843
262,844
262,845
262,846
262,847
262,857
262,858
262,973
262,974
262,976
262,977
262,1102
262,1545
262,1788
262,1789
262,1837
262,1998
262,1999
262,2007
262,2010
262,2011
262,2013
262,2014
262,2015
262,2016
262,2020
262,2021
262,2022
262,2024
262,2025
262,2026
262,2027
262,2028
262,2029
262,2030
262,2031
262,2032
262,2033
262,2206
263,27
263,117
263,224
263,264
263,270
263,283
263,2119
263,2120
264,27
264,117
264,263
264,264
264,267
264,270
264,282
264,283
264,284
264,318
264,1980
264,1981
264,1982
264,2071
264,2083
264,2084
264,2097
264,2098
264,2100
264,2124
264,2195
264,2204
264,2212
265,117
265,187
265,276
265,1701
265,1790
265,1794
265,2130
265,2190
265,2196
265,2723
266,117
266,176
266,177
266,186
266,257
266,259
266,1788
266,1851
266,2165
266,2356
267,27
267,117
267,224
267,264
267,283
267,1980
268,117
268,186
268,262
268,1999
269,117
269,187
269,213
269,242
269,259
269,261
269,269
269,271
269,830
269,1398
269,1399
269,1537
269,1789
269,1837
269,2017
269,2019
269,2035
269,2068
269,2069
270,27
270,117
270,263
270,264
270,2530
271,117
271,187
271,242
271,261
271,262
271,269
271,271
271,294
271,830
271,977
271,1102
271,1789
271,1837
271,2007
271,2013
271,2014
271,2016
271,2019
271,2020
271,2025
271,2027
271,2028
271,2032
271,2069
272,12
272,44
272,46
272,50
272,98
273,27
273,92
273,138
273,152
273,1183
274,92
274,135
274,152
275,9
275,12
275,14
275,33
275,44
275,46
275,50
275,70
275,98
275,116
275,1033
276,117
276,187
276,265
276,276
276,1645
276,1703
276,1704
276,1790
276,1809
276,1896
276,1910
276,2196
277,42
277,59
277,255
278,14
278,62
278,128
278,255
278,1097
279,19
279,167
280,13
280,65
280,301
280,810
280,856
281,65
281,151
281,524
281,2764
282,27
282,117
282,187
282,263
282,264
282,284
282,2098
282,2124
283,27
283,48
283,264
283,267
283,282
283,284
283,1931
283,2043
283,2044
283,2045
283,2061
283,2089
283,2090
283,2098
283,2103
283,2104
283,2108
283,2111
283,2116
283,2135
283,2199
284,27
284,282
284,283
285,19
285,26
285,65
285,167
285,253
285,1199
287,288
287,289
288,151
288,287
288,289
288,290
288,354
288,357
288,376
288,383
288,405
288,425
288,426
288,458
288,463
288,474
288,523
288,542
288,553
288,556
288,593
288,618
288,710
288,728
288,771
288,774
288,962
288,1012
288,1028
288,1210
288,1239
288,1316
288,1944
289,287
289,288
289,300
289,376
289,405
289,425
289,463
289,523
289,1239
289,1856
289,1944
290,288
290,405
290,542
291,13
291,19
291,64
291,65
291,161
292,65
292,161
292,291
292,338
292,1199
293,48
293,93
293,133
293,147
294,262
294,271
294,977
294,1102
294,1789
294,1837
294,2007
294,2020
294,2021
294,2025
294,2028
294,2032
295,117
295,187
295,213
295,214
295,262
295,295
295,829
295,1398
295,1399
295,1400
295,1430
295,1433
295,1711
295,1793
297,13
297,60
297,64
297,137
297,792
297,2297
297,2303
297,2304
297,2318
298,117
298,259
298,342
298,1788
298,2147
298,2154
300,289
301,1
301,6
301,9
301,10
301,18
301,21
301,26
301,31
301,33
301,48
301,49
301,50
301,51
301,56
301,58
301,63
301,64
301,69
301,78
301,88
301,90
301,114
301,117
301,124
301,126
301,141
301,160
301,161
301,224
301,247
301,350
301,419
301,520
301,536
301,602
301,757
301,779
301,799
301,810
301,827
301,1033
301,1047
301,1441
301,1628
303,49
303,338
305,12
305,36
305,53
305,63
305,66
305,70
305,359
305,478
305,716
305,1386
306,48
306,147
306,341
306,984
306,1276
306,1302
309,12
309,36
309,37
309,51
309,60
309,86
309,520
310,4
310,21
310,100
310,109
310,1033
311,9
311,21
311,338
312,117
312,187
315,1
315,36
315,51
315,60
315,75
315,160
315,315
315,722
315,818
315,859
315,1313
316,4
316,6
316,9
316,31
316,60
316,69
316,90
316,111
316,114
316,175
316,364
316,419
316,480
316,738
316,797
316,989
316,1185
316,1188
316,1250
316,1531
316,1534
316,2493
316,2535
316,2793
318,264
318,318
318,1981
318,2083
318,2084
319,4
319,33
319,49
319,51
319,55
319,60
319,63
319,70
319,80
319,319
319,358
319,384
319,516
319,602
319,1231
320,1
320,2
320,3
320,4
320,9
320,12
320,14
320,17
320,18
320,21
320,37
320,38
320,50
320,51
320,53
320,67
320,179
320,347
320,431
320,1033
320,1096
320,1663
324,98
324,2267
325,80
327,80
328,29
328,55
329,29
329,699
330,58
330,114
331,109
331,112
331,1274
331,1275
333,117
333,1184
333,2109
334,344
334,631
334,900
338,9
338,25
338,26
338,27
338,28
338,44
338,46
338,58
338,60
338,78
338,86
338,90
338,92
338,114
338,121
338,125
338,131
338,135
338,139
338,142
338,158
338,160
338,163
338,165
338,169
338,201
338,223
338,240
338,303
338,311
338,338
338,343
338,798
338,833
338,991
338,1183
338,2297
341,48
341,93
341,160
341,306
341,1276
342,117
342,242
342,259
342,271
342,298
342,342
342,1472
342,1788
342,1988
342,2025
342,2085
342,2086
342,2087
342,2184
343,49
343,58
343,997
343,1183
343,1199
344,41
344,334
344,461
344,726
345,1
345,2
345,3
345,4
345,9
345,11
345,12
345,23
345,29
345,31
345,36
345,37
345,44
345,47
345,49
345,50
345,51
345,53
345,55
345,58
345,63
345,67
345,70
345,72
345,76
345,90
345,305
345,602
346,1
346,2
346,4
346,6
346,9
346,12
346,19
346,24
346,31
346,33
346,36
346,44
346,46
346,47
346,49
346,50
346,51
346,53
346,63
346,64
346,65
346,67
346,98
346,114
346,116
346,157
347,1
347,2
347,3
347,4
347,5
347,6
347,7
347,9
347,12
347,13
347,14
347,15
347,16
347,18
347,19
347,21
347,23
347,27
347,29
347,31
347,33
347,35
347,36
347,37
347,42
347,44
347,46
347,47
347,48
347,49
347,50
347,51
347,53
347,58
347,60
347,63
347,64
347,65
347,66
347,67
347,69
347,70
347,75
347,80
347,84
347,98
347,116
347,117
347,165
347,175
347,179
347,181
347,216
347,251
347,320
347,572
347,738
348,27
348,2254
348,2301
349,4
350,1
350,2
350,3
350,4
350,6
350,7
350,9
350,12
350,13
350,14
350,17
350,19
350,21
350,29
350,31
350,33
350,35
350,36
350,37
350,42
350,44
350,48
350,49
350,50
350,51
350,53
350,58
350,60
350,63
350,65
350,69
350,70
350,78
350,92
350,98
350,100
350,160
350,301
350,572
350,602
350,790
351,12
351,44
351,63
351,180
351,602
352,1
352,2
352,6
352,12
352,15
352,23
352,29
352,31
352,44
352,49
352,50
352,51
352,58
352,64
352,602
353,63
354,288
355,9
355,27
355,51
355,98
356,4
357,117
357,288
358,4
358,80
358,319
359,2
359,4
359,9
359,12
359,17
359,19
359,26
359,29
359,31
359,36
359,41
359,44
359,48
359,49
359,50
359,51
359,58
359,63
359,64
359,65
359,70
359,98
359,117
359,187
359,301
359,588
359,722
360,2
360,4
360,9
360,12
360,21
360,29
360,31
360,36
360,37
360,49
360,51
360,58
360,63
360,65
360,70
360,301
361,4
361,9
361,18
361,31
361,49
361,58
361,64
361,65
361,70
361,78
361,95
361,100
361,126
361,175
361,419
361,820
362,151
363,4
363,7
363,9
363,12
363,21
363,29
363,31
363,49
363,58
363,78
364,18
364,316
364,1033
365,9
365,12
365,24
365,31
365,36
365,50
365,51
365,67
365,70
365,98
365,115
365,128
366,111
367,2
367,9
367,12
367,31
367,36
367,51
367,58
367,63
367,64
367,98
367,180
367,602
368,1
368,2
368,4
368,7
368,9
368,12
368,13
368,17
368,18
368,19
368,29
368,31
368,36
368,44
368,48
368,49
368,50
368,51
368,58
368,63
368,64
368,65
368,78
368,83
368,92
368,98
368,100
368,160
368,161
368,248
368,419
369,13
369,48
369,58
369,65
369,78
370,9
370,13
370,19
370,48
370,49
370,51
370,58
370,64
370,65
370,78
370,92
370,104
370,156
370,160
370,161
370,167
371,2
371,6
371,9
371,13
371,18
371,19
371,27
371,48
371,49
371,58
371,64
371,65
371,70
371,78
371,92
371,117
371,146
371,150
371,162
371,236
371,289
372,13
372,58
372,63
372,65
372,78
373,12
373,31
373,63
374,3
374,4
374,9
374,13
374,18
374,19
374,21
374,26
374,31
374,44
374,49
374,58
374,64
374,65
374,70
374,83
374,95
374,160
374,161
374,166
374,167
374,419
375,2
375,4
375,9
375,11
375,12
375,31
375,51
375,63
375,80
376,6
376,9
376,19
376,26
376,27
376,31
376,49
376,50
376,51
376,58
376,63
376,64
376,65
376,98
376,117
376,151
376,166
376,187
376,209
376,288
376,289
378,7
378,9
378,13
378,19
378,21
378,31
378,48
378,49
378,51
378,58
378,64
378,65
378,87
378,104
378,114
378,160
379,4
379,12
379,29
379,31
379,51
379,63
379,80
380,31
380,70
381,18
381,51
381,70
382,63
383,288
384,3
384,4
384,9
384,12
384,14
384,29
384,31
384,33
384,36
384,51
384,58
384,63
384,67
384,80
384,98
384,602
385,1
385,2
385,4
385,7
385,9
385,12
385,19
385,31
385,36
385,44
385,49
385,50
385,51
385,53
385,58
385,63
385,65
385,70
385,98
385,117
385,180
386,2
386,4
386,11
386,12
386,14
386,17
386,23
386,29
386,31
386,37
386,45
386,51
386,53
386,67
386,71
387,4
387,9
387,17
387,23
387,29
387,31
387,51
387,53
387,58
388,4
388,9
388,12
388,13
388,17
388,19
388,27
388,36
388,37
388,48
388,50
388,51
388,53
388,63
388,65
388,98
388,117
391,13
391,19
391,48
391,49
391,58
391,65
391,100
392,2
392,4
392,9
392,17
392,51
392,63
392,65
393,58
393,70
393,419
395,9
395,51
396,4
396,12
396,29
396,31
396,36
396,37
396,47
396,50
396,51
396,63
396,67
396,80
398,12
398,18
398,51
398,63
398,70
401,4
401,53
401,63
402,9
402,51
404,4
404,36
404,51
404,63
404,80
404,602
405,19
405,65
405,151
405,288
405,289
405,290
406,4
406,12
406,29
406,31
406,36
406,63
406,319
408,6
408,9
408,13
408,27
408,48
408,58
408,64
408,65
408,149
409,6
410,6
410,8
410,9
410,18
410,48
410,70
410,204
411,9
411,44
411,58
411,65
412,4
412,17
412,29
412,31
412,49
412,58
412,790
413,4
413,9
413,19
413,31
413,49
413,51
413,53
413,58
413,63
413,65
413,98
413,114
413,820
414,58
415,4
415,58
416,4
416,19
416,31
416,36
416,49
416,51
416,53
416,58
416,63
416,65
416,98
416,330
417,4
417,7
417,11
417,17
417,51
417,53
417,58
417,63
418,4
418,58
418,330
419,4
419,6
419,21
419,31
419,34
419,35
419,38
419,39
419,46
419,49
419,58
419,70
419,78
419,86
419,95
419,96
419,102
419,123
419,126
419,141
419,173
419,175
419,301
419,310
419,316
419,338
419,368
419,480
419,793
419,920
419,989
419,1020
419,1183
419,1505
419,1915
419,2189
419,2535
420,9
420,12
420,17
420,19
420,29
420,31
420,36
420,51
420,63
420,65
420,98
421,4
421,9
421,31
421,36
421,51
421,53
421,63
421,98
421,180
421,726
422,65
422,151
424,63
425,9
425,19
425,50
425,117
425,151
425,288
425,289
426,289
427,2
427,4
427,6
427,9
427,12
427,19
427,27
427,31
427,36
427,41
427,44
427,49
427,50
427,51
427,58
427,63
427,65
427,70
427,80
427,98
427,180
427,588
428,9
428,31
428,46
428,51
428,63
428,98
429,12
429,31
429,36
429,51
429,63
429,180
430,51
430,63
431,4
431,9
431,17
431,53
431,58
432,63
432,98
433,9
433,51
433,63
434,18
434,36
434,60
434,70
434,126
435,6
435,9
435,13
435,18
435,19
435,26
435,27
435,31
435,48
435,49
435,51
435,58
435,63
435,64
435,65
435,70
435,92
435,104
435,117
435,151
435,160
435,162
435,207
435,224
437,4
437,9
437,31
437,36
437,49
437,51
437,63
437,65
437,98
438,117
439,2
439,4
439,17
439,53
439,63
440,4
441,36
441,75
442,9
442,19
442,27
442,41
442,63
442,588
442,666
444,4
444,31
444,49
444,51
444,58
444,63
444,65
445,50
445,51
446,27
447,19
447,65
447,151
447,288
448,65
449,4
449,17
449,31
449,34
449,49
449,51
449,53
449,58
449,63
449,80
450,4
451,4
451,9
451,31
451,49
451,51
451,58
451,63
451,65
451,98
452,63
453,65
454,65
454,104
455,4
456,65
456,151
457,2
457,4
457,9
457,31
457,51
457,53
457,58
457,63
457,65
457,70
457,80
457,114
457,249
458,288
459,4
459,31
459,49
460,2
460,4
460,9
460,12
460,13
460,17
460,29
460,31
460,49
460,51
460,53
460,58
460,63
460,65
460,98
460,248
461,19
461,65
461,151
461,281
462,4
462,588
462,666
463,19
463,27
463,65
463,117
463,151
463,288
463,289
464,4
464,70
464,80
465,9
465,65
465,160
471,6
472,4
472,9
472,33
472,36
472,58
472,63
472,65
472,83
474,151
474,288
475,4
477,9
477,12
477,51
477,65
477,180
477,602
478,2
478,6
478,9
478,19
478,36
478,37
478,63
478,180
478,305
478,863
479,18
480,50
480,316
481,4
481,63
482,65
483,4
483,11
483,58
484,2
484,4
484,11
484,45
484,53
484,71
486,4
486,29
486,31
486,51
486,63
486,80
488,4
489,63
491,4
491,12
491,29
491,51
491,63
491,80
491,98
493,80
497,4
497,17
497,31
497,49
497,51
497,58
497,63
497,80
497,319
499,4
499,9
499,31
499,49
499,63
499,98
502,4
502,63
503,53
504,4
504,63
504,80
505,63
505,187
506,4
506,31
506,53
506,58
506,63
506,65
506,930
508,4
509,4
509,60
513,4
513,58
514,4
514,11
514,31
514,51
514,53
514,58
514,63
514,80
515,80
515,98
516,4
516,11
516,12
516,36
516,51
516,53
516,63
516,80
516,319
517,4
517,12
517,29
517,31
517,80
519,4
519,17
520,4
520,9
520,29
520,37
520,44
520,48
520,51
520,52
520,63
520,83
520,301
520,666
520,1120
523,9
523,19
523,51
523,63
523,65
523,117
523,289
524,65
524,151
524,281
525,53
526,63
530,1
530,4
530,9
530,12
530,14
530,21
530,29
530,36
530,37
530,44
530,50
530,51
530,63
530,80
530,319
530,602
532,31
532,36
533,2
533,4
533,36
533,50
533,51
533,63
534,63
536,4
536,6
536,48
536,301
542,288
542,290
544,151
549,4
549,12
549,29
549,53
549,56
549,63
549,80
549,180
549,319
550,4
553,151
553,288
554,27
554,63
554,65
555,63
556,288
558,13
559,13
559,65
559,169
563,16
563,101
563,430
563,886
563,1082
564,9
564,19
564,63
564,65
564,117
569,51
571,51
571,63
572,1
572,6
572,18
572,43
572,51
572,60
572,63
572,70
572,72
572,989
572,1464
573,9
573,50
573,63
574,63
576,9
576,12
576,31
576,36
576,44
576,50
576,51
576,63
576,98
578,9
578,51
578,63
578,169
581,51
581,63
582,31
583,151
586,65
588,41
588,359
588,442
588,588
588,617
588,1019
588,1546
593,288
596,51
596,63
599,117
599,334
599,726
601,2
601,9
601,12
601,31
601,51
601,63
601,65
602,18
602,20
602,22
602,30
602,31
602,36
602,44
602,49
602,62
602,70
602,80
602,84
602,87
602,98
602,124
602,126
602,141
602,157
602,179
602,180
602,247
602,301
602,319
602,345
602,350
602,351
602,352
602,367
602,384
602,404
602,477
602,530
602,611
602,613
602,624
602,672
602,1217
602,1534
604,80
609,316
611,51
611,602
613,51
613,602
614,49
614,58
614,65
614,160
614,166
614,167
614,419
617,305
617,588
617,666
618,288
622,4
622,53
622,716
624,602
633,187
636,63
638,12
638,63
641,2
641,4
641,45
641,53
641,71
642,51
650,4
650,80
653,70
653,1185
653,1761
662,26
663,51
663,65
664,151
666,4
666,9
666,11
666,41
666,63
666,117
666,179
666,301
666,305
666,588
666,726
667,65
668,53
668,602
668,1021
669,419
672,51
672,602
674,49
674,1795
674,1907
678,49
678,58
678,69
678,111
678,175
678,419
688,9
688,63
691,63
696,117
696,187
697,80
704,4
706,50
706,1572
710,151
710,288
716,12
716,305
716,622
716,1184
717,4
717,36
717,80
717,251
722,280
722,315
724,80
725,251
726,65
726,117
726,344
726,588
726,1464
726,1628
727,49
727,58
727,65
727,419
727,1419
728,288
734,4
738,37
738,316
738,347
738,2832
739,37
739,51
740,31
740,1096
742,563
748,5
748,92
748,169
753,8
753,48
753,88
753,835
753,1369
766,58
767,58
770,4
771,288
774,151
774,288
775,14
775,1296
779,49
779,70
779,338
781,49
781,58
781,419
785,36
788,48
788,93
788,831
789,51
790,58
790,96
790,102
790,175
790,1033
792,297
792,2297
793,58
793,393
794,49
794,58
794,1001
794,1464
796,2
796,31
796,44
796,70
796,99
796,815
797,21
797,37
798,2
798,9
798,21
798,31
798,50
798,139
798,156
798,301
798,338
798,1033
799,18
799,21
799,139
799,301
800,49
800,1003
801,21
802,21
803,21
803,84
805,21
805,69
805,1820
807,21
808,21
810,169
810,301
811,6
812,520
814,21
814,70
815,4
817,12
817,44
818,12
818,14
818,29
818,31
818,53
818,66
818,98
818,315
818,716
818,1418
819,18
819,24
819,34
819,70
819,81
819,83
819,1096
820,31
820,58
820,338
821,37
821,305
824,6
824,853
824,1524
825,359
825,442
827,64
827,160
827,224
827,301
829,261
829,269
829,295
829,830
829,834
829,1102
829,1789
829,2017
830,117
830,242
830,261
830,262
830,269
830,829
830,834
830,977
830,2010
830,2011
830,2016
830,2017
830,2028
831,48
831,93
831,1276
832,6
832,848
833,9
834,187
834,261
834,262
834,269
834,271
834,829
834,830
834,1789
834,2011
834,2017
835,8
835,48
835,306
835,753
836,6
836,217
836,1183
837,6
837,146
837,984
837,1099
837,1707
838,262
838,838
838,839
838,840
838,841
838,845
838,846
838,857
838,973
838,977
838,1545
839,262
839,838
839,840
839,841
839,845
839,846
839,973
839,974
839,977
839,2011
839,2013
840,261
840,262
840,838
840,839
840,841
840,842
840,844
840,845
840,846
840,847
840,973
840,974
841,261
841,262
841,271
841,838
841,839
841,840
841,845
841,846
841,973
841,1715
841,2011
841,2013
841,2016
842,262
842,838
842,843
842,844
842,845
842,846
842,847
842,857
842,974
842,2024
842,2029
843,261
843,262
843,844
843,846
843,847
843,857
843,858
843,976
843,977
843,2027
844,262
844,838
844,840
844,841
844,842
844,843
844,845
844,846
844,847
844,857
844,977
844,1789
844,2024
844,2029
844,2031
844,2057
845,262
845,838
845,839
845,840
845,841
845,842
845,844
845,846
845,847
845,857
845,858
845,974
845,977
846,262
846,839
846,840
846,841
846,842
846,844
846,845
846,847
846,973
846,974
846,977
847,262
847,840
847,841
847,842
847,843
847,844
847,845
847,846
847,857
847,858
847,973
847,974
847,976
847,977
847,2027
848,6
848,832
851,48
852,2297
853,6
853,824
853,1530
854,5
854,10
854,50
854,175
854,316
854,419
854,480
854,2329
854,2493
855,5
855,50
855,107
855,157
855,185
855,419
855,1085
855,1527
857,262
857,843
857,845
857,846
857,847
857,858
857,973
857,976
857,977
857,2014
858,262
858,294
858,843
858,845
858,846
858,847
858,857
858,973
858,976
858,977
858,2014
858,2027
859,2
859,15
859,72
859,315
859,722
859,859
860,14
860,1273
861,31
861,99
862,48
862,110
862,983
862,1295
862,2315
864,345
875,117
881,6
884,126
886,63
889,2
891,3
899,4
910,117
914,98
918,63
920,44
920,58
920,100
920,419
922,49
922,58
922,65
923,213
930,4
934,4
935,65
943,50
943,123
949,58
950,224
950,2301
955,65
960,80
962,288
973,262
973,271
973,838
973,839
973,840
973,841
973,842
973,843
973,845
973,846
973,847
973,857
973,858
973,974
973,976
973,977
973,2013
974,262
974,271
974,839
974,841
974,843
974,845
974,846
974,847
974,973
974,977
974,2011
976,262
976,843
976,847
976,857
976,858
976,977
976,2014
976,2027
976,2030
977,261
977,262
977,838
977,839
977,840
977,841
977,842
977,843
977,845
977,846
977,847
977,857
977,858
977,973
977,974
977,2016
977,2027
977,2030
977,2033
978,36
978,67
978,75
978,979
978,994
978,1332
979,36
979,67
979,978
979,994
980,33
981,67
982,36
982,103
983,48
983,69
983,90
983,862
983,1295
983,1820
984,6
984,48
984,146
984,837
984,2249
985,100
986,21
986,90
989,31
989,46
989,69
989,122
989,163
989,247
989,316
989,338
989,572
989,1188
990,64
990,92
991,338
994,36
994,67
994,75
994,978
994,979
994,1332
997,49
997,58
1000,49
1000,64
1001,49
1001,58
1001,100
1001,1183
1001,2251
1002,49
1002,58
1003,49
1003,58
1005,29
1007,13
1007,48
1012,288
1017,65
1017,117
1018,51
1019,51
1020,58
1021,2
1021,4
1021,14
1021,29
1021,37
1021,51
1021,53
1026,63
1028,288
1033,1
1033,2
1033,3
1033,4
1033,5
1033,6
1033,7
1033,8
1033,9
1033,12
1033,13
1033,14
1033,15
1033,16
1033,21
1033,22
1033,23
1033,24
1033,26
1033,29
1033,31
1033,33
1033,34
1033,35
1033,36
1033,37
1033,38
1033,48
1033,49
1033,50
1033,51
1033,53
1033,55
1033,58
1033,62
1033,63
1033,65
1033,69
1033,70
1033,75
1033,76
1033,77
1033,78
1033,82
1033,84
1033,90
1033,92
1033,96
1033,98
1033,100
1033,101
1033,102
1033,104
1033,106
1033,112
1033,114
1033,115
1033,116
1033,122
1033,123
1033,125
1033,128
1033,133
1033,139
1033,141
1033,143
1033,144
1033,146
1033,154
1033,160
1033,161
1033,165
1033,166
1033,175
1033,179
1033,205
1033,216
1033,224
1033,275
1033,310
1033,320
1033,364
1033,410
1033,798
1033,985
1033,1628
1035,278
1046,27
1046,41
1047,180
1047,301
1051,58
1059,1752
1059,2335
1059,2642
1068,9
1068,19
1068,58
1068,65
1068,166
1071,4
1071,53
1082,17
1082,18
1082,23
1082,38
1082,60
1082,63
1082,80
1082,98
1082,114
1082,247
1082,563
1084,49
1084,1907
1085,5
1085,855
1085,1189
1089,48
1089,92
1089,831
1090,48
1092,30
1092,31
1093,31
1093,249
1094,29
1094,31
1094,46
1096,4
1096,7
1096,18
1096,31
1096,34
1096,192
1096,320
1096,819
1097,14
1097,22
1097,42
1097,50
1097,128
1097,255
1097,278
1099,6
1099,837
1101,187
1102,262
1102,271
1102,294
1102,829
1102,834
1102,1789
1102,1837
1102,2007
1102,2019
1102,2020
1102,2028
1103,18
1103,66
1112,58
1120,36
1123,169
1123,520
1128,29
1128,1211
1159,8
1159,2266
1162,69
1175,117
1179,64
1183,5
1183,8
1183,9
1183,78
1183,90
1183,92
1183,93
1183,95
1183,100
1183,102
1183,105
1183,109
1183,110
1183,111
1183,113
1183,115
1183,121
1183,131
1183,134
1183,149
1183,150
1183,158
1183,223
1183,232
1183,338
1183,343
1183,419
1183,1001
1184,7
1184,31
1184,49
1184,58
1184,70
1184,174
1184,249
1184,301
1184,716
1184,790
1186,49
1186,1123
1188,4
1188,6
1188,9
1188,27
1188,31
1188,53
1188,58
1188,65
1188,70
1188,78
1188,90
1188,100
1188,104
1188,109
1188,112
1188,113
1188,115
1188,131
1188,160
1188,175
1188,374
1189,5
1189,1085
1192,4
1192,31
1192,99
1192,250
1195,21
1198,53
1199,1
1199,5
1199,6
1199,8
1199,14
1199,21
1199,26
1199,27
1199,37
1199,48
1199,49
1199,50
1199,69
1199,77
1199,90
1199,107
1199,114
1199,115
1199,123
1199,137
1199,139
1199,142
1199,144
1199,148
1199,154
1199,160
1199,163
1199,165
1199,166
1199,171
1199,197
1199,201
1199,225
1199,285
1199,292
1199,301
1199,343
1199,983
1199,1285
1209,58
1209,65
1210,117
1210,288
1217,2
1217,4
1217,29
1217,31
1217,50
1217,58
1217,160
1217,237
1217,602
1227,51
1231,4
1231,51
1231,63
1231,80
1231,319
1239,9
1239,19
1239,50
1239,65
1239,70
1239,117
1239,151
1239,160
1239,187
1239,288
1239,289
1250,44
1250,50
1250,170
1250,316
1252,70
1252,1410
1259,70
1266,58
1268,42
1268,57
1268,98
1268,2267
1270,14
1270,1293
1271,14
1272,48
1272,145
1272,1007
1273,14
1273,860
1274,109
1274,331
1275,109
1275,331
1276,48
1276,93
1276,306
1276,341
1276,1302
1277,109
1279,109
1280,48
1280,1272
1281,14
1281,1282
1281,1283
1282,14
1282,1281
1282,1283
1283,14
1283,1281
1283,1282
1283,1296
1284,109
1284,145
1285,13
1286,13
1286,1290
1287,48
1287,69
1287,983
1287,1288
1288,69
1288,1287
1290,13
1290,1286
1291,5
1291,12
1291,84
1292,65
1292,161
1293,14
1293,128
1293,1270
1295,48
1295,69
1295,983
1295,2313
1296,14
1296,1297
1296,1301
1297,14
1297,1296
1298,187
1298,1303
1298,1813
1298,2038
1299,13
1301,14
1302,48
1302,306
1302,1276
1303,187
1303,1298
1303,1304
1303,1305
1303,1306
1303,1416
1304,187
1304,1305
1304,1416
1305,187
1305,1298
1305,1303
1305,1304
1305,1306
1305,1307
1305,1416
1305,1429
1305,1516
1305,1701
1305,1794
1305,1802
1305,1813
1306,187
1306,1305
1306,1307
1306,1429
1306,1516
1306,1702
1306,1802
1307,187
1307,1305
1307,1306
1307,1802
1308,117
1308,242
1308,1998
1308,2038
1309,14
1309,57
1310,1298
1310,2037
1310,2038
1310,2051
1313,12
1313,31
1313,60
1313,797
1313,1412
1323,63
1332,978
1332,994
1344,1516
1369,48
1369,753
1369,2287
1382,117
1386,305
1387,117
1398,187
1398,269
1398,295
1398,1398
1398,1430
1398,1433
1398,1711
1398,1787
1398,1793
1398,1813
1398,1822
1398,1979
1399,187
1399,262
1399,269
1399,295
1399,1398
1399,1433
1399,1711
1399,1793
1400,187
1400,242
1400,295
1400,1398
1400,1430
1400,1533
1400,1793
1400,1813
1400,1900
1403,347
1403,1211
1403,1536
1404,2535
1406,242
1406,1806
1406,2074
1407,175
1407,316
1409,42
1409,58
1410,70
1416,187
1416,1298
1416,1303
1416,1304
1416,1802
1418,2
1418,1408
1419,4
1419,53
1419,102
1419,111
1419,114
1419,393
1425,74
1429,187
1429,1305
1429,1533
1430,187
1430,295
1430,1398
1430,1400
1430,1533
1430,1613
1430,1614
1430,1701
1430,1711
1430,1787
1430,1793
1430,1823
1432,187
1432,214
1432,295
1432,1704
1432,1809
1432,1976
1432,1978
1433,187
1433,295
1433,834
1433,1398
1433,1399
1433,1400
1433,1711
1433,1793
1433,1900
1441,478
1464,13
1464,26
1464,114
1464,247
1464,794
1464,2590
1467,13
1467,145
1469,187
1472,342
1472,1674
1472,2147
1472,2154
1472,2210
1505,58
1505,419
1512,29
1516,187
1516,1305
1516,1306
1516,1702
1522,1496
1523,6
1524,6
1524,1525
1524,2252
1525,204
1525,1524
1527,6
1527,217
1527,855
1527,1189
1529,14
1529,1924
1530,6
1530,824
1530,853
1533,187
1533,1400
1533,1429
1533,1430
1533,1787
1533,1796
1533,1822
1533,1823
1534,64
1534,146
1534,602
1534,1915
1537,213
1537,269
1537,271
1537,1789
1537,2035
1537,2054
1537,2067
1537,2068
1537,2069
1537,2070
1545,262
1545,1545
1545,2029
1546,9
1546,37
1546,666
1552,31
1572,50
1572,122
1572,706
1572,943
1576,177
1576,259
1576,2105
1576,2106
1589,176
1589,177
1589,1724
1589,2031
1589,2047
1589,2049
1604,9
1605,215
1610,13
1610,65
1611,65
1611,104
1613,187
1613,295
1613,1400
1613,1430
1613,1701
1613,1705
1613,1787
1613,1813
1614,187
1614,1613
1614,1787
1618,479
1624,989
1627,6
1627,9
1627,21
1627,29
1627,31
1627,34
1627,44
1627,48
1627,49
1627,50
1627,51
1627,58
1627,65
1627,67
1627,69
1627,70
1627,92
1627,114
1628,18
1628,92
1628,141
1628,144
1628,161
1628,163
1628,301
1628,726
1628,1033
1638,58
1645,187
1645,276
1645,1703
1645,1704
1659,2301
1663,13
1674,1472
1691,51
1696,175
1701,187
1701,265
1701,1307
1701,1400
1701,1430
1701,1613
1701,1705
1701,1787
1701,1802
1702,187
1702,1705
1703,276
1703,1645
1703,1704
1703,1793
1703,1809
1704,187
1704,214
1704,276
1704,1645
1704,1703
1704,1809
1705,187
1705,1613
1705,1701
1705,1705
1707,837
1707,2295
1711,187
1711,269
1711,295
1711,1398
1711,1399
1711,1433
1711,1793
1711,1815
1713,187
1713,213
1713,214
1713,276
1713,1613
1713,1803
1713,1823
1713,1977
1713,1978
1713,1979
1713,2036
1715,242
1715,261
1715,830
1715,841
1715,2009
1715,2010
1715,2012
1715,2015
1715,2018
1724,117
1724,176
1724,262
1724,2031
1724,2057
1732,187
1732,214
1732,1825
1732,1875
1752,2642
1755,80
1761,70
1781,271
1787,187
1787,1398
1787,1400
1787,1430
1787,1533
1787,1613
1787,1614
1787,1701
1788,117
1788,176
1788,177
1788,259
1788,260
1788,261
1788,262
1788,263
1788,266
1788,298
1788,342
1788,1788
1788,1851
1788,1988
1788,1993
1788,1994
1788,1996
1788,1997
1788,2029
1788,2047
1788,2049
1788,2094
1788,2095
1788,2118
1788,2153
1789,117
1789,262
1789,269
1789,271
1789,294
1789,844
1789,1102
1789,1788
1789,1837
1789,2007
1789,2020
1789,2025
1789,2028
1789,2069
1790,187
1790,265
1790,276
1790,1794
1790,1810
1790,2130
1793,187
1793,269
1793,295
1793,1398
1793,1400
1794,187
1794,265
1794,276
1795,49
1795,674
1796,187
1796,1400
1796,1533
1796,1822
1801,177
1801,2153
1802,187
1802,1303
1802,1305
1802,1306
1802,1307
1802,1416
1802,1813
1803,214
1803,1713
1803,1825
1803,1977
1803,1978
1803,2036
1804,187
1806,117
1806,242
1806,1406
1808,213
1808,2053
1808,2054
1808,2055
1808,2082
1808,2109
1808,2112
1809,214
1809,276
1809,1432
1809,1645
1809,1703
1809,1704
1809,1896
1809,1976
1810,187
1810,276
1810,1810
1810,1910
1813,187
1813,213
1813,271
1813,295
1813,1298
1813,1305
1813,1399
1813,1400
1813,1613
1813,1977
1814,187
1814,262
1814,271
1815,117
1820,36
1820,69
1820,805
1822,187
1822,1533
1822,1796
1823,187
1823,213
1823,214
1823,1713
1823,1803
1823,1977
1823,1979
1823,2036
1825,213
1825,214
1825,269
1825,271
1825,1732
1825,1875
1825,1977
1825,2036
1825,2112
1828,297
1830,36
1830,51
1830,116
1830,127
1830,2140
1832,187
1834,92
1837,117
1837,213
1837,262
1837,269
1837,271
1837,1102
1837,1789
1837,2007
1837,2013
1837,2016
1837,2019
1837,2020
1837,2028
1837,2067
1837,2069
1851,117
1851,176
1851,177
1851,260
1851,266
1851,1788
1851,1989
1851,1990
1851,1998
1851,2000
1851,2001
1851,2093
1851,2141
1851,2169
1851,2174
1851,2356
1856,9
1856,19
1856,21
1856,65
1856,117
1856,289
1875,213
1875,214
1875,269
1875,1432
1875,1732
1875,1803
1875,1823
1875,1825
1875,2036
1875,2112
1896,214
1896,1704
1896,1809
1897,96
1900,187
1907,49
1907,1084
1907,1795
1910,187
1910,265
1910,276
1912,48
1912,204
1912,1920
1915,35
1920,48
1920,200
1920,204
1920,306
1920,1912
1920,2264
1924,14
1924,255
1924,1529
1926,187
1929,187
1929,213
1929,294
1929,2023
1931,283
1931,2044
1931,2045
1931,2065
1931,2089
1931,2090
1931,2092
1931,2108
1931,2199
1934,480
1944,9
1944,19
1944,27
1944,31
1944,49
1944,63
1944,65
1944,98
1944,117
1944,151
1944,249
1944,288
1944,289
1945,796
1952,80
1960,36
1960,2256
1960,2271
1968,4
1976,214
1976,1432
1976,1809
1976,1977
1976,1978
1977,214
1977,1399
1977,1432
1977,1713
1977,1803
1977,1823
1977,1825
1977,1978
1977,1979
1977,2036
1978,117
1978,214
1978,1432
1978,1713
1978,1803
1978,1825
1978,1976
1978,1977
1978,2036
1979,117
1979,187
1979,214
1979,1613
1979,1713
1979,1803
1979,1823
1979,2036
1980,264
1980,1982
1980,2097
1981,264
1981,318
1981,1981
1981,2083
1981,2124
1982,264
1982,1980
1982,2071
1983,186
1983,2062
1984,259
1984,1987
1984,2105
1984,2136
1986,177
1986,259
1986,1576
1986,1984
1986,2105
1987,117
1987,177
1987,259
1987,1984
1987,1987
1987,2105
1988,117
1988,176
1988,177
1988,342
1988,1788
1988,1993
1988,1994
1988,1996
1988,2047
1988,2094
1989,177
1989,260
1989,1851
1989,1990
1989,1991
1989,1995
1989,2127
1990,176
1990,177
1990,260
1990,1989
1990,1991
1990,1995
1990,2000
1990,2126
1991,177
1991,259
1991,260
1991,1989
1991,1990
1991,1995
1991,1998
1991,2127
1991,2142
1992,176
1992,1788
1992,2047
1992,2049
1993,176
1993,177
1993,1788
1993,1988
1993,1989
1993,1993
1993,1996
1993,2001
1993,2047
1993,2049
1993,2093
1993,2094
1994,117
1994,176
1994,177
1994,1788
1994,1988
1994,1993
1994,1996
1994,1997
1994,2047
1995,176
1995,177
1995,260
1995,1989
1995,1990
1995,1991
1995,1995
1995,1998
1995,2126
1995,2127
1996,117
1996,177
1996,260
1996,1788
1996,1988
1996,1993
1996,1997
1996,1998
1996,2094
1997,117
1997,177
1997,1788
1997,1988
1997,1992
1997,1994
1997,1996
1997,1997
1997,2094
1998,117
1998,176
1998,177
1998,260
1998,1308
1998,1851
1998,1989
1998,1991
1998,2000
1998,2001
1998,2356
1999,117
1999,186
1999,268
2000,177
2000,260
2000,1851
2000,1998
2000,2169
2001,176
2001,177
2001,1851
2001,1993
2001,2000
2001,2001
2001,2093
2001,2141
2001,2169
2002,2079
2005,259
2006,117
2006,312
2006,2308
2007,213
2007,262
2007,269
2007,271
2007,294
2007,1102
2007,1789
2007,1837
2007,2013
2007,2016
2007,2020
2007,2025
2007,2027
2007,2028
2007,2069
2009,261
2009,262
2009,1715
2009,2010
2009,2011
2009,2015
2009,2018
2010,242
2010,261
2010,262
2010,1715
2010,2009
2010,2011
2010,2015
2010,2018
2011,117
2011,242
2011,261
2011,262
2011,829
2011,830
2011,834
2011,838
2011,841
2011,977
2011,2009
2011,2013
2011,2016
2011,2017
2012,242
2012,1715
2013,213
2013,261
2013,262
2013,271
2013,838
2013,839
2013,840
2013,841
2013,845
2013,977
2013,1789
2013,1837
2013,2007
2013,2016
2013,2028
2014,262
2014,271
2014,845
2014,858
2014,974
2014,976
2014,977
2014,2027
2014,2030
2014,2033
2014,2069
2015,261
2015,262
2015,1715
2015,2009
2015,2010
2015,2015
2015,2018
2016,261
2016,262
2016,271
2016,830
2016,834
2016,841
2016,846
2016,2007
2016,2011
2016,2013
2016,2028
2016,2489
2017,242
2017,261
2017,269
2017,829
2017,830
2017,834
2017,1793
2018,117
2018,261
2018,262
2018,830
2018,1715
2018,2009
2018,2010
2018,2015
2019,117
2019,213
2019,261
2019,269
2019,271
2019,834
2019,1789
2019,1837
2019,2035
2019,2069
2019,2177
2020,213
2020,262
2020,271
2020,294
2020,1102
2020,1789
2020,1837
2020,2007
2020,2025
2021,262
2021,294
2021,2022
2022,176
2022,262
2022,844
2022,2021
2022,2031
2023,117
2023,213
2023,269
2023,1929
2024,176
2024,262
2024,842
2024,844
2024,1545
2024,2029
2024,2031
2025,117
2025,213
2025,242
2025,261
2025,262
2025,271
2025,294
2025,973
2025,977
2025,1102
2025,1789
2025,1837
2025,2007
2025,2016
2025,2020
2025,2021
2025,2032
2025,2033
2026,262
2026,271
2026,2027
2026,2030
2026,2033
2027,117
2027,262
2027,271
2027,846
2027,857
2027,858
2027,974
2027,976
2027,1789
2027,2014
2027,2026
2027,2027
2027,2030
2027,2033
2028,261
2028,262
2028,271
2028,294
2028,973
2028,974
2028,1837
2028,2007
2028,2013
2028,2025
2029,176
2029,262
2029,843
2029,844
2029,845
2029,1788
2029,2024
2030,262
2030,976
2030,977
2030,2014
2030,2026
2030,2027
2030,2033
2031,117
2031,176
2031,177
2031,262
2031,844
2031,1589
2031,1724
2031,1851
2031,2022
2031,2024
2031,2031
2031,2057
2032,213
2032,262
2032,271
2032,294
2032,847
2032,973
2032,1789
2032,2007
2032,2025
2032,2033
2033,262
2033,858
2033,974
2033,977
2033,2014
2033,2020
2033,2025
2033,2026
2033,2027
2033,2030
2033,2032
2035,213
2035,214
2035,269
2035,1537
2035,2067
2035,2068
2035,2070
2036,214
2036,269
2036,1713
2036,1803
2036,1823
2036,1825
2036,1875
2036,1976
2036,1977
2036,1978
2036,1979
2036,2358
2037,2038
2038,187
2038,1310
2038,2051
2038,2073
2038,2491
2039,257
2039,2040
2040,257
2040,266
2040,2039
2040,2041
2041,117
2041,257
2041,266
2041,2040
2041,2093
2041,2127
2041,2142
2042,2044
2042,2045
2042,2088
2042,2199
2043,283
2044,283
2044,1931
2044,2045
2044,2061
2044,2089
2044,2090
2044,2092
2044,2104
2044,2233
2045,283
2045,1931
2045,2042
2045,2044
2045,2045
2045,2046
2045,2061
2045,2064
2045,2065
2045,2066
2045,2088
2045,2089
2045,2090
2045,2092
2045,2103
2045,2104
2045,2108
2045,2111
2045,2116
2045,2135
2045,2199
2045,2201
2046,2045
2046,2061
2046,2065
2046,2103
2047,176
2047,177
2047,1788
2047,1992
2047,1997
2047,2049
2049,176
2049,1589
2049,1724
2049,1788
2049,1988
2049,1992
2049,1993
2049,1996
2049,2031
2049,2047
2051,2038
2051,2114
2051,2791
2053,213
2053,2054
2053,2055
2054,213
2054,214
2054,1808
2054,2055
2054,2082
2054,2109
2054,2112
2055,213
2055,1808
2055,2053
2055,2054
2055,2082
2055,2109
2055,2112
2056,176
2057,176
2057,262
2057,1724
2057,2022
2057,2024
2057,2031
2057,2049
2058,176
2060,2045
2060,2101
2061,283
2061,2045
2061,2046
2061,2064
2061,2065
2061,2103
2062,186
2063,186
2064,2045
2064,2046
2064,2061
2064,2065
2064,2066
2065,2044
2065,2045
2065,2046
2065,2061
2065,2064
2065,2065
2066,2045
2066,2061
2066,2064
2066,2065
2066,2103
2067,213
2067,269
2067,1537
2067,1789
2067,2035
2067,2068
2067,2070
2068,213
2068,269
2068,1537
2068,2035
2068,2067
2068,2069
2068,2070
2069,213
2069,261
2069,269
2069,271
2069,1537
2069,1789
2069,1793
2069,1837
2069,2007
2069,2019
2069,2068
2069,2070
2070,213
2070,269
2070,1537
2070,1875
2070,2035
2070,2067
2070,2068
2070,2277
2071,264
2071,2100
2072,187
2073,187
2073,2038
2073,2491
2074,117
2074,242
2074,1406
2074,1806
2074,2160
2074,2225
2075,259
2075,2107
2076,259
2077,259
2077,2110
2078,259
2078,2075
2079,259
2081,50
2082,213
2082,1808
2082,2054
2082,2055
2082,2112
2083,264
2083,318
2083,1981
2083,2083
2083,2084
2084,264
2084,283
2084,318
2084,2083
2084,2084
2085,342
2085,2086
2085,2087
2086,342
2086,1992
2086,2085
2086,2087
2087,342
2087,2085
2087,2086
2088,2042
2088,2045
2089,283
2089,1931
2089,2044
2089,2045
2089,2090
2089,2092
2089,2104
2090,283
2090,1931
2090,2044
2090,2045
2090,2089
2092,1931
2092,2045
2092,2089
2092,2090
2093,177
2093,1851
2093,1993
2093,2001
2093,2169
2094,117
2094,1788
2094,1994
2094,1996
2094,1997
2094,2118
2095,1788
2097,264
2098,264
2098,267
2098,283
2098,284
2098,1931
2100,264
2100,1981
2100,1982
2100,2071
2101,2135
2103,2045
2103,2064
2103,2066
2104,283
2104,2044
2104,2045
2104,2089
2105,177
2105,259
2105,1576
2105,1984
2105,1986
2106,259
2106,1576
2106,1987
2106,2105
2107,259
2107,2078
2108,283
2108,1931
2108,2045
2109,213
2109,333
2109,1808
2109,2054
2109,2055
2110,259
2110,2077
2111,283
2111,2044
2111,2045
2112,213
2112,214
2112,1875
2112,2054
2112,2055
2112,2082
2114,2038
2116,283
2116,2045
2116,2116
2118,1788
2118,1996
2119,117
2119,263
2120,117
2120,2119
2122,117
2123,2005
2124,264
2124,1981
2124,2071
2125,1472
2126,1991
2126,1995
2127,177
2127,257
2127,260
2127,1989
2127,1991
2127,1995
2127,1998
2127,2041
2127,2142
2130,117
2130,265
2135,283
2135,2045
2135,2060
2136,259
2140,36
2140,1830
2141,177
2141,1851
2141,1998
2141,2141
2141,2169
2142,177
2142,257
2142,260
2142,1990
2142,1991
2142,1995
2142,2041
2142,2127
2144,257
2144,2040
2144,2127
2144,2142
2147,117
2147,298
2147,1472
2147,2154
2147,2210
2153,177
2153,1788
2153,1801
2153,2675
2154,117
2154,1472
2154,2125
2154,2147
2154,2210
2156,117
2158,2076
2160,242
2165,298
2167,187
2167,214
2169,177
2169,1851
2169,1998
2169,2141
2174,177
2177,213
2177,2067
2179,92
2181,187
2184,1781
2190,265
2195,264
2196,187
2196,265
2196,1794
2199,2042
2199,2045
2199,2089
2201,2060
2201,2101
2204,264
2206,117
2210,1472
2210,2147
2210,2154
2212,264
2225,242
2233,2045
2246,187
2248,48
2248,835
2248,984
2248,2249
2249,48
2249,2248
2250,36
2250,116
2251,100
2251,1001
2252,6
2253,225
2253,2254
2253,2274
2253,2438
2254,27
2254,224
2254,348
2254,2253
2254,2301
2256,36
2256,2271
2259,1292
2260,133
2260,2264
2261,133
2261,2262
2262,133
2262,2261
2263,133
2263,2265
2263,2305
2264,133
2264,150
2264,2260
2264,2263
2264,2265
2265,133
2265,2263
2265,2305
2266,8
2266,1159
2267,42
2267,98
2267,1268
2270,135
2270,235
2270,236
2270,2355
2271,36
2271,1960
2271,2256
2273,12
2273,29
2273,37
2273,47
2274,2253
2275,64
2275,65
2275,92
2276,167
2276,253
2276,2321
2277,213
2278,29
2278,47
2278,1094
2279,2535
2283,26
2284,45
2284,62
2284,641
2285,419
2286,226
2286,827
2286,1464
2287,48
2287,1369
2288,217
2289,204
2290,21
2292,63
2292,738
2292,2362
2293,2294
2295,6
2295,204
2297,163
2297,230
2297,232
2297,297
2297,338
2297,792
2297,852
2297,1828
2297,2297
2297,2318
2297,2320
2301,25
2301,27
2301,348
2301,435
2301,950
2301,1659
2301,2254
2301,2301
2301,2438
2301,2509
2303,297
2304,297
2304,2297
2305,133
2305,2263
2305,2265
2306,221
2307,189
2308,2324
2311,151
2313,1295
2314,92
2315,48
2315,862
2318,297
2318,2297
2320,297
2320,2297
2321,167
2324,2006
2326,144
2326,160
2329,854
2330,26
2330,142
2330,196
2335,80
2335,252
2335,1059
2338,36
2347,214
2352,1813
2355,135
2356,117
2356,260
2356,1851
2358,214
2358,1977
2358,2036
2362,63
2362,2292
2365,182
2371,13
2385,213
2438,2301
2442,4
2442,53
2443,53
2444,53
2456,478
2458,251
2488,69
2489,2016
2491,187
2491,2073
2493,35
2493,1211
2502,4
2509,27
2509,2301
2530,117
2530,270
2537,316
2568,249
2592,1259
2618,117
2620,224
2642,1059
2642,1752
2668,242
2675,2153
2676,69
2723,265
2740,53
2741,58
2770,316
2773,114
2781,316
2791,2038
2792,248
2793,21
2793,50
2793,128
2794,92
2832,738
2833,1522
